  Measurement Number     Measurement type
                   1                DC IV

      Measurement ID             SeriesID
       739662.679241                    0

         MeasureMode                Bias1                Bias2
                   2                   -1                    1

                Step  Positive compliance  Negative compliance
                0.01                  0.1                  0.1

  RealMeasuredPoints
                 404

        Bias        Current     Resistance
0.0000e+00   -4.7884e-07   -0.0000e+00
-1.0000e-02   -8.6153e-07   1.1607e+04
-2.0000e-02   -1.2351e-06   1.6193e+04
-3.0000e-02   -1.5969e-06   1.8787e+04
-4.0000e-02   -1.9443e-06   2.0573e+04
-5.0000e-02   -2.2753e-06   2.1975e+04
-6.0000e-02   -2.5944e-06   2.3127e+04
-7.0000e-02   -2.9004e-06   2.4135e+04
-8.0000e-02   -3.1939e-06   2.5048e+04
-9.0000e-02   -3.4767e-06   2.5886e+04
-1.0000e-01   -3.7483e-06   2.6679e+04
-1.1000e-01   -4.0143e-06   2.7402e+04
-1.2000e-01   -4.2731e-06   2.8083e+04
-1.3000e-01   -4.5268e-06   2.8718e+04
-1.4000e-01   -4.7748e-06   2.9321e+04
-1.5000e-01   -5.0183e-06   2.9891e+04
-1.6000e-01   -5.2556e-06   3.0443e+04
-1.7000e-01   -5.4923e-06   3.0952e+04
-1.8000e-01   -5.7253e-06   3.1439e+04
-1.9000e-01   -5.9552e-06   3.1905e+04
-2.0000e-01   -6.1823e-06   3.2350e+04
-2.1000e-01   -6.4051e-06   3.2786e+04
-2.2000e-01   -6.6265e-06   3.3200e+04
-2.3000e-01   -6.8454e-06   3.3599e+04
-2.4000e-01   -7.0619e-06   3.3985e+04
-2.5000e-01   -7.2749e-06   3.4365e+04
-2.6000e-01   -7.4834e-06   3.4744e+04
-2.7000e-01   -7.6909e-06   3.5106e+04
-2.8000e-01   -7.8953e-06   3.5464e+04
-2.9000e-01   -8.0969e-06   3.5816e+04
-3.0000e-01   -8.2961e-06   3.6162e+04
-3.1000e-01   -8.4903e-06   3.6512e+04
-3.2000e-01   -8.6837e-06   3.6851e+04
-3.3000e-01   -8.8737e-06   3.7188e+04
-3.4000e-01   -9.0610e-06   3.7523e+04
-3.5000e-01   -9.2450e-06   3.7858e+04
-3.6000e-01   -9.4251e-06   3.8196e+04
-3.7000e-01   -9.6030e-06   3.8529e+04
-3.8000e-01   -9.7780e-06   3.8863e+04
-3.9000e-01   -9.9508e-06   3.9193e+04
-4.0000e-01   -1.0119e-05   3.9530e+04
-4.1000e-01   -1.0285e-05   3.9862e+04
-4.2000e-01   -1.0449e-05   4.0194e+04
-4.3000e-01   -1.0610e-05   4.0528e+04
-4.4000e-01   -1.0767e-05   4.0867e+04
-4.5000e-01   -1.0922e-05   4.1201e+04
-4.6000e-01   -1.1075e-05   4.1535e+04
-4.7000e-01   -1.1225e-05   4.1873e+04
-4.8000e-01   -1.1371e-05   4.2213e+04
-4.9000e-01   -1.1511e-05   4.2568e+04
-5.0000e-01   -1.1653e-05   4.2907e+04
-5.1000e-01   -1.1794e-05   4.3243e+04
-5.2000e-01   -1.1930e-05   4.3589e+04
-5.3000e-01   -1.2065e-05   4.3929e+04
-5.4000e-01   -1.2197e-05   4.4273e+04
-5.5000e-01   -1.2327e-05   4.4617e+04
-5.6000e-01   -1.2454e-05   4.4964e+04
-5.7000e-01   -1.2579e-05   4.5315e+04
-5.8000e-01   -1.2702e-05   4.5664e+04
-5.9000e-01   -1.2822e-05   4.6013e+04
-6.0000e-01   -1.2941e-05   4.6365e+04
-6.1000e-01   -1.3056e-05   4.6722e+04
-6.2000e-01   -1.3170e-05   4.7076e+04
-6.3000e-01   -1.3282e-05   4.7432e+04
-6.4000e-01   -1.3392e-05   4.7790e+04
-6.5000e-01   -1.3500e-05   4.8147e+04
-6.6000e-01   -1.3605e-05   4.8512e+04
-6.7000e-01   -1.3709e-05   4.8873e+04
-6.8000e-01   -1.3811e-05   4.9236e+04
-6.9000e-01   -1.3911e-05   4.9602e+04
-7.0000e-01   -1.4009e-05   4.9969e+04
-7.1000e-01   -1.4106e-05   5.0334e+04
-7.2000e-01   -1.4201e-05   5.0702e+04
-7.3000e-01   -1.4293e-05   5.1075e+04
-7.4000e-01   -1.4384e-05   5.1446e+04
-7.5000e-01   -1.4474e-05   5.1818e+04
-7.6000e-01   -1.4562e-05   5.2192e+04
-7.7000e-01   -1.4648e-05   5.2566e+04
-7.8000e-01   -1.4733e-05   5.2942e+04
-7.9000e-01   -1.4817e-05   5.3318e+04
-8.0000e-01   -1.4899e-05   5.3696e+04
-8.1000e-01   -1.4979e-05   5.4078e+04
-8.2000e-01   -1.5057e-05   5.4458e+04
-8.3000e-01   -1.5134e-05   5.4842e+04
-8.4000e-01   -1.5211e-05   5.5224e+04
-8.5000e-01   -1.5285e-05   5.5609e+04
-8.6000e-01   -1.5358e-05   5.5998e+04
-8.7000e-01   -1.5431e-05   5.6381e+04
-8.8000e-01   -1.5501e-05   5.6769e+04
-8.9000e-01   -1.5570e-05   5.7159e+04
-9.0000e-01   -1.5639e-05   5.7548e+04
-9.1000e-01   -1.5705e-05   5.7942e+04
-9.2000e-01   -1.5771e-05   5.8333e+04
-9.3000e-01   -1.5837e-05   5.8722e+04
-9.4000e-01   -1.5901e-05   5.9115e+04
-9.5000e-01   -1.5964e-05   5.9510e+04
-9.6000e-01   -1.6025e-05   5.9906e+04
-9.7000e-01   -1.6086e-05   6.0303e+04
-9.8000e-01   -1.6144e-05   6.0702e+04
-9.9000e-01   -1.6203e-05   6.1099e+04
-1.0000e+00   -1.6261e-05   6.1496e+04
-1.0000e+00   -1.6259e-05   6.1506e+04
-9.9000e-01   -1.6196e-05   6.1126e+04
-9.8000e-01   -1.6132e-05   6.0747e+04
-9.7000e-01   -1.6068e-05   6.0369e+04
-9.6000e-01   -1.6002e-05   5.9992e+04
-9.5000e-01   -1.5937e-05   5.9610e+04
-9.4000e-01   -1.5869e-05   5.9236e+04
-9.3000e-01   -1.5802e-05   5.8855e+04
-9.2000e-01   -1.5732e-05   5.8481e+04
-9.1000e-01   -1.5661e-05   5.8108e+04
-9.0000e-01   -1.5590e-05   5.7731e+04
-8.9000e-01   -1.5517e-05   5.7357e+04
-8.8000e-01   -1.5443e-05   5.6985e+04
-8.7000e-01   -1.5368e-05   5.6612e+04
-8.6000e-01   -1.5292e-05   5.6239e+04
-8.5000e-01   -1.5215e-05   5.5867e+04
-8.4000e-01   -1.5136e-05   5.5497e+04
-8.3000e-01   -1.5057e-05   5.5124e+04
-8.2000e-01   -1.4975e-05   5.4756e+04
-8.1000e-01   -1.4893e-05   5.4390e+04
-8.0000e-01   -1.4809e-05   5.4022e+04
-7.9000e-01   -1.4724e-05   5.3654e+04
-7.8000e-01   -1.4638e-05   5.3287e+04
-7.7000e-01   -1.4550e-05   5.2922e+04
-7.6000e-01   -1.4459e-05   5.2561e+04
-7.5000e-01   -1.4369e-05   5.2196e+04
-7.4000e-01   -1.4276e-05   5.1837e+04
-7.3000e-01   -1.4182e-05   5.1473e+04
-7.2000e-01   -1.4086e-05   5.1113e+04
-7.1000e-01   -1.3989e-05   5.0755e+04
-7.0000e-01   -1.3889e-05   5.0401e+04
-6.9000e-01   -1.3788e-05   5.0044e+04
-6.8000e-01   -1.3685e-05   4.9690e+04
-6.7000e-01   -1.3580e-05   4.9336e+04
-6.6000e-01   -1.3474e-05   4.8984e+04
-6.5000e-01   -1.3367e-05   4.8628e+04
-6.4000e-01   -1.3256e-05   4.8280e+04
-6.3000e-01   -1.3143e-05   4.7933e+04
-6.2000e-01   -1.3030e-05   4.7583e+04
-6.1000e-01   -1.2913e-05   4.7240e+04
-6.0000e-01   -1.2796e-05   4.6889e+04
-5.9000e-01   -1.2676e-05   4.6545e+04
-5.8000e-01   -1.2554e-05   4.6201e+04
-5.7000e-01   -1.2429e-05   4.5862e+04
-5.6000e-01   -1.2302e-05   4.5521e+04
-5.5000e-01   -1.2174e-05   4.5179e+04
-5.4000e-01   -1.2043e-05   4.4841e+04
-5.3000e-01   -1.1909e-05   4.4504e+04
-5.2000e-01   -1.1773e-05   4.4171e+04
-5.1000e-01   -1.1635e-05   4.3833e+04
-5.0000e-01   -1.1494e-05   4.3501e+04
-4.9000e-01   -1.1350e-05   4.3171e+04
-4.8000e-01   -1.1205e-05   4.2839e+04
-4.7000e-01   -1.1058e-05   4.2504e+04
-4.6000e-01   -1.0908e-05   4.2172e+04
-4.5000e-01   -1.0754e-05   4.1846e+04
-4.4000e-01   -1.0598e-05   4.1518e+04
-4.3000e-01   -1.0440e-05   4.1187e+04
-4.2000e-01   -1.0279e-05   4.0860e+04
-4.1000e-01   -1.0114e-05   4.0536e+04
-4.0000e-01   -9.9492e-06   4.0204e+04
-3.9000e-01   -9.7809e-06   3.9873e+04
-3.8000e-01   -9.6086e-06   3.9548e+04
-3.7000e-01   -9.4337e-06   3.9221e+04
-3.6000e-01   -9.2556e-06   3.8896e+04
-3.5000e-01   -9.0767e-06   3.8560e+04
-3.4000e-01   -8.8934e-06   3.8231e+04
-3.3000e-01   -8.7075e-06   3.7898e+04
-3.2000e-01   -8.5190e-06   3.7563e+04
-3.1000e-01   -8.3269e-06   3.7229e+04
-3.0000e-01   -8.1343e-06   3.6881e+04
-2.9000e-01   -7.9374e-06   3.6536e+04
-2.8000e-01   -7.7380e-06   3.6185e+04
-2.7000e-01   -7.5354e-06   3.5831e+04
-2.6000e-01   -7.3306e-06   3.5468e+04
-2.5000e-01   -7.1246e-06   3.5090e+04
-2.4000e-01   -6.9144e-06   3.4710e+04
-2.3000e-01   -6.7016e-06   3.4320e+04
-2.2000e-01   -6.4865e-06   3.3917e+04
-2.1000e-01   -6.2690e-06   3.3498e+04
-2.0000e-01   -6.0508e-06   3.3053e+04
-1.9000e-01   -5.8286e-06   3.2598e+04
-1.8000e-01   -5.6034e-06   3.2123e+04
-1.7000e-01   -5.3760e-06   3.1622e+04
-1.6000e-01   -5.1449e-06   3.1099e+04
-1.5000e-01   -4.9128e-06   3.0533e+04
-1.4000e-01   -4.6748e-06   2.9948e+04
-1.3000e-01   -4.4336e-06   2.9321e+04
-1.2000e-01   -4.1862e-06   2.8665e+04
-1.1000e-01   -3.9330e-06   2.7969e+04
-1.0000e-01   -3.6730e-06   2.7226e+04
-9.0000e-02   -3.4069e-06   2.6417e+04
-8.0000e-02   -3.1296e-06   2.5562e+04
-7.0000e-02   -2.8409e-06   2.4640e+04
-6.0000e-02   -2.5404e-06   2.3618e+04
-5.0000e-02   -2.2256e-06   2.2466e+04
-4.0000e-02   -1.8994e-06   2.1059e+04
-3.0000e-02   -1.5558e-06   1.9283e+04
-2.0000e-02   -1.1983e-06   1.6690e+04
-1.0000e-02   -8.2739e-07   1.2086e+04
0.0000e+00   -4.4775e-07   -0.0000e+00
0.0000e+00   -4.5839e-07   -0.0000e+00
1.0000e-02   -7.4671e-08   -1.3392e+05
2.0000e-02   3.1225e-07   6.4052e+04
3.0000e-02   6.9591e-07   4.3109e+04
4.0000e-02   1.0709e-06   3.7350e+04
5.0000e-02   1.4300e-06   3.4965e+04
6.0000e-02   1.7810e-06   3.3689e+04
7.0000e-02   2.1179e-06   3.3052e+04
8.0000e-02   2.4377e-06   3.2818e+04
9.0000e-02   2.7463e-06   3.2771e+04
1.0000e-01   3.0427e-06   3.2866e+04
1.1000e-01   3.3283e-06   3.3050e+04
1.2000e-01   3.6018e-06   3.3317e+04
1.3000e-01   3.8698e-06   3.3593e+04
1.4000e-01   4.1308e-06   3.3892e+04
1.5000e-01   4.3859e-06   3.4201e+04
1.6000e-01   4.6344e-06   3.4525e+04
1.7000e-01   4.8803e-06   3.4834e+04
1.8000e-01   5.1226e-06   3.5138e+04
1.9000e-01   5.3621e-06   3.5434e+04
2.0000e-01   5.5968e-06   3.5735e+04
2.1000e-01   5.8303e-06   3.6019e+04
2.2000e-01   6.0615e-06   3.6295e+04
2.3000e-01   6.2897e-06   3.6568e+04
2.4000e-01   6.5138e-06   3.6845e+04
2.5000e-01   6.7372e-06   3.7107e+04
2.6000e-01   6.9582e-06   3.7366e+04
2.7000e-01   7.1747e-06   3.7632e+04
2.8000e-01   7.3908e-06   3.7885e+04
2.9000e-01   7.6038e-06   3.8139e+04
3.0000e-01   7.8148e-06   3.8389e+04
3.1000e-01   8.0209e-06   3.8649e+04
3.2000e-01   8.2258e-06   3.8902e+04
3.3000e-01   8.4280e-06   3.9155e+04
3.4000e-01   8.6278e-06   3.9407e+04
3.5000e-01   8.8250e-06   3.9660e+04
3.6000e-01   9.0178e-06   3.9921e+04
3.7000e-01   9.2096e-06   4.0176e+04
3.8000e-01   9.3984e-06   4.0432e+04
3.9000e-01   9.5848e-06   4.0690e+04
4.0000e-01   9.7679e-06   4.0950e+04
4.1000e-01   9.9485e-06   4.1212e+04
4.2000e-01   1.0125e-05   4.1481e+04
4.3000e-01   1.0301e-05   4.1745e+04
4.4000e-01   1.0473e-05   4.2011e+04
4.5000e-01   1.0644e-05   4.2278e+04
4.6000e-01   1.0811e-05   4.2549e+04
4.7000e-01   1.0975e-05   4.2826e+04
4.8000e-01   1.1137e-05   4.3100e+04
4.9000e-01   1.1297e-05   4.3374e+04
5.0000e-01   1.1454e-05   4.3651e+04
5.1000e-01   1.1607e-05   4.3939e+04
5.2000e-01   1.1758e-05   4.4224e+04
5.3000e-01   1.1909e-05   4.4505e+04
5.4000e-01   1.2057e-05   4.4788e+04
5.5000e-01   1.2202e-05   4.5076e+04
5.6000e-01   1.2345e-05   4.5362e+04
5.7000e-01   1.2485e-05   4.5656e+04
5.8000e-01   1.2623e-05   4.5948e+04
5.9000e-01   1.2760e-05   4.6239e+04
6.0000e-01   1.2894e-05   4.6534e+04
6.1000e-01   1.3026e-05   4.6831e+04
6.2000e-01   1.3155e-05   4.7132e+04
6.3000e-01   1.3283e-05   4.7431e+04
6.4000e-01   1.3409e-05   4.7730e+04
6.5000e-01   1.3533e-05   4.8032e+04
6.6000e-01   1.3654e-05   4.8338e+04
6.7000e-01   1.3773e-05   4.8645e+04
6.8000e-01   1.3892e-05   4.8950e+04
6.9000e-01   1.4008e-05   4.9259e+04
7.0000e-01   1.4120e-05   4.9574e+04
7.1000e-01   1.4233e-05   4.9884e+04
7.2000e-01   1.4344e-05   5.0197e+04
7.3000e-01   1.4452e-05   5.0512e+04
7.4000e-01   1.4558e-05   5.0830e+04
7.5000e-01   1.4664e-05   5.1147e+04
7.6000e-01   1.4767e-05   5.1467e+04
7.7000e-01   1.4868e-05   5.1789e+04
7.8000e-01   1.4968e-05   5.2112e+04
7.9000e-01   1.5066e-05   5.2436e+04
8.0000e-01   1.5162e-05   5.2764e+04
8.1000e-01   1.5258e-05   5.3088e+04
8.2000e-01   1.5350e-05   5.3420e+04
8.3000e-01   1.5443e-05   5.3746e+04
8.4000e-01   1.5533e-05   5.4078e+04
8.5000e-01   1.5622e-05   5.4411e+04
8.6000e-01   1.5710e-05   5.4742e+04
8.7000e-01   1.5797e-05   5.5075e+04
8.8000e-01   1.5882e-05   5.5410e+04
8.9000e-01   1.5964e-05   5.5749e+04
9.0000e-01   1.6047e-05   5.6086e+04
9.1000e-01   1.6128e-05   5.6425e+04
9.2000e-01   1.6207e-05   5.6765e+04
9.3000e-01   1.6286e-05   5.7105e+04
9.4000e-01   1.6363e-05   5.7448e+04
9.5000e-01   1.6439e-05   5.7790e+04
9.6000e-01   1.6513e-05   5.8137e+04
9.7000e-01   1.6587e-05   5.8481e+04
9.8000e-01   1.6659e-05   5.8827e+04
9.9000e-01   1.6729e-05   5.9177e+04
1.0000e+00   1.6801e-05   5.9520e+04
1.0000e+00   1.6797e-05   5.9534e+04
9.9000e-01   1.6721e-05   5.9206e+04
9.8000e-01   1.6645e-05   5.8875e+04
9.7000e-01   1.6567e-05   5.8549e+04
9.6000e-01   1.6488e-05   5.8223e+04
9.5000e-01   1.6409e-05   5.7896e+04
9.4000e-01   1.6328e-05   5.7570e+04
9.3000e-01   1.6246e-05   5.7243e+04
9.2000e-01   1.6163e-05   5.6920e+04
9.1000e-01   1.6079e-05   5.6595e+04
9.0000e-01   1.5994e-05   5.6273e+04
8.9000e-01   1.5907e-05   5.5951e+04
8.8000e-01   1.5819e-05   5.5628e+04
8.7000e-01   1.5730e-05   5.5308e+04
8.6000e-01   1.5639e-05   5.4990e+04
8.5000e-01   1.5548e-05   5.4671e+04
8.4000e-01   1.5456e-05   5.4349e+04
8.3000e-01   1.5361e-05   5.4034e+04
8.2000e-01   1.5265e-05   5.3718e+04
8.1000e-01   1.5169e-05   5.3399e+04
8.0000e-01   1.5068e-05   5.3091e+04
7.9000e-01   1.4968e-05   5.2778e+04
7.8000e-01   1.4866e-05   5.2468e+04
7.7000e-01   1.4763e-05   5.2156e+04
7.6000e-01   1.4659e-05   5.1846e+04
7.5000e-01   1.4553e-05   5.1538e+04
7.4000e-01   1.4445e-05   5.1230e+04
7.3000e-01   1.4336e-05   5.0922e+04
7.2000e-01   1.4224e-05   5.0617e+04
7.1000e-01   1.4111e-05   5.0315e+04
7.0000e-01   1.3996e-05   5.0014e+04
6.9000e-01   1.3880e-05   4.9711e+04
6.8000e-01   1.3762e-05   4.9410e+04
6.7000e-01   1.3642e-05   4.9114e+04
6.6000e-01   1.3520e-05   4.8815e+04
6.5000e-01   1.3396e-05   4.8520e+04
6.4000e-01   1.3271e-05   4.8226e+04
6.3000e-01   1.3143e-05   4.7935e+04
6.2000e-01   1.3013e-05   4.7645e+04
6.1000e-01   1.2881e-05   4.7355e+04
6.0000e-01   1.2748e-05   4.7065e+04
5.9000e-01   1.2612e-05   4.6781e+04
5.8000e-01   1.2474e-05   4.6496e+04
5.7000e-01   1.2334e-05   4.6212e+04
5.6000e-01   1.2193e-05   4.5928e+04
5.5000e-01   1.2048e-05   4.5649e+04
5.4000e-01   1.1902e-05   4.5372e+04
5.3000e-01   1.1753e-05   4.5095e+04
5.2000e-01   1.1602e-05   4.4821e+04
5.1000e-01   1.1449e-05   4.4546e+04
5.0000e-01   1.1293e-05   4.4275e+04
4.9000e-01   1.1135e-05   4.4004e+04
4.8000e-01   1.0974e-05   4.3738e+04
4.7000e-01   1.0812e-05   4.3471e+04
4.6000e-01   1.0647e-05   4.3204e+04
4.5000e-01   1.0479e-05   4.2942e+04
4.4000e-01   1.0310e-05   4.2679e+04
4.3000e-01   1.0136e-05   4.2424e+04
4.2000e-01   9.9595e-06   4.2171e+04
4.1000e-01   9.7828e-06   4.1910e+04
4.0000e-01   9.6023e-06   4.1657e+04
3.9000e-01   9.4196e-06   4.1403e+04
3.8000e-01   9.2338e-06   4.1153e+04
3.7000e-01   9.0456e-06   4.0904e+04
3.6000e-01   8.8550e-06   4.0655e+04
3.5000e-01   8.6631e-06   4.0401e+04
3.4000e-01   8.4673e-06   4.0155e+04
3.3000e-01   8.2688e-06   3.9909e+04
3.2000e-01   8.0680e-06   3.9663e+04
3.1000e-01   7.8644e-06   3.9418e+04
3.0000e-01   7.6600e-06   3.9164e+04
2.9000e-01   7.4513e-06   3.8919e+04
2.8000e-01   7.2409e-06   3.8669e+04
2.7000e-01   7.0279e-06   3.8418e+04
2.6000e-01   6.8142e-06   3.8156e+04
2.5000e-01   6.5961e-06   3.7901e+04
2.4000e-01   6.3763e-06   3.7639e+04
2.3000e-01   6.1556e-06   3.7364e+04
2.2000e-01   5.9317e-06   3.7089e+04
2.1000e-01   5.7048e-06   3.6811e+04
2.0000e-01   5.4764e-06   3.6520e+04
1.9000e-01   5.2456e-06   3.6221e+04
1.8000e-01   5.0109e-06   3.5922e+04
1.7000e-01   4.7739e-06   3.5610e+04
1.6000e-01   4.5329e-06   3.5298e+04
1.5000e-01   4.2900e-06   3.4965e+04
1.4000e-01   4.0403e-06   3.4651e+04
1.3000e-01   3.7847e-06   3.4349e+04
1.2000e-01   3.5221e-06   3.4071e+04
1.1000e-01   3.2534e-06   3.3811e+04
1.0000e-01   2.9726e-06   3.3641e+04
9.0000e-02   2.6810e-06   3.3569e+04
8.0000e-02   2.3763e-06   3.3666e+04
7.0000e-02   2.0599e-06   3.3982e+04
6.0000e-02   1.7261e-06   3.4760e+04
5.0000e-02   1.3779e-06   3.6286e+04
4.0000e-02   1.0183e-06   3.9282e+04
3.0000e-02   6.4663e-07   4.6394e+04
2.0000e-02   2.6478e-07   7.5533e+04
1.0000e-02   -1.2085e-07   -8.2748e+04
0.0000e+00   -5.0292e-07   -0.0000e+00
