  Measurement Number     Measurement type
                   1                DC IV

      Measurement ID             SeriesID
       739662.671741                    0

         MeasureMode                Bias1                Bias2
                   2                   -1                    1

                Step  Positive compliance  Negative compliance
                0.01                  0.1                  0.1

  RealMeasuredPoints
                 404

        Bias        Current     Resistance
0.0000e+00   1.2542e-07   0.0000e+00
-1.0000e-02   -1.2903e-05   7.7499e+02
-2.0000e-02   -2.5928e-05   7.7138e+02
-3.0000e-02   -3.8949e-05   7.7025e+02
-4.0000e-02   -5.1975e-05   7.6960e+02
-5.0000e-02   -6.4900e-05   7.7042e+02
-6.0000e-02   -7.7929e-05   7.6994e+02
-7.0000e-02   -9.0947e-05   7.6968e+02
-8.0000e-02   -1.0397e-04   7.6946e+02
-9.0000e-02   -1.1710e-04   7.6858e+02
-1.0000e-01   -1.3002e-04   7.6911e+02
-1.1000e-01   -1.4305e-04   7.6899e+02
-1.2000e-01   -1.5607e-04   7.6889e+02
-1.3000e-01   -1.6910e-04   7.6878e+02
-1.4000e-01   -1.8212e-04   7.6873e+02
-1.5000e-01   -1.9514e-04   7.6867e+02
-1.6000e-01   -2.0805e-04   7.6905e+02
-1.7000e-01   -2.2108e-04   7.6895e+02
-1.8000e-01   -2.3410e-04   7.6890e+02
-1.9000e-01   -2.4713e-04   7.6884e+02
-2.0000e-01   -2.6015e-04   7.6879e+02
-2.1000e-01   -2.7308e-04   7.6901e+02
-2.2000e-01   -2.8610e-04   7.6895e+02
-2.3000e-01   -2.9913e-04   7.6890e+02
-2.4000e-01   -3.1215e-04   7.6885e+02
-2.5000e-01   -3.2518e-04   7.6880e+02
-2.6000e-01   -3.3811e-04   7.6899e+02
-2.7000e-01   -3.5113e-04   7.6894e+02
-2.8000e-01   -3.6415e-04   7.6891e+02
-2.9000e-01   -3.7718e-04   7.6887e+02
-3.0000e-01   -3.9019e-04   7.6885e+02
-3.1000e-01   -4.0312e-04   7.6901e+02
-3.2000e-01   -4.1615e-04   7.6896e+02
-3.3000e-01   -4.2917e-04   7.6894e+02
-3.4000e-01   -4.4219e-04   7.6890e+02
-3.5000e-01   -4.5521e-04   7.6888e+02
-3.6000e-01   -4.6813e-04   7.6902e+02
-3.7000e-01   -4.8114e-04   7.6900e+02
-3.8000e-01   -4.9416e-04   7.6898e+02
-3.9000e-01   -5.0717e-04   7.6897e+02
-4.0000e-01   -5.2009e-04   7.6910e+02
-4.1000e-01   -5.3310e-04   7.6909e+02
-4.2000e-01   -5.4610e-04   7.6909e+02
-4.3000e-01   -5.5911e-04   7.6909e+02
-4.4000e-01   -5.7202e-04   7.6921e+02
-4.5000e-01   -5.8501e-04   7.6921e+02
-4.6000e-01   -5.9801e-04   7.6922e+02
-4.7000e-01   -6.1100e-04   7.6923e+02
-4.8000e-01   -6.2390e-04   7.6936e+02
-4.9000e-01   -6.3689e-04   7.6936e+02
-5.0000e-01   -6.4988e-04   7.6937e+02
-5.1000e-01   -6.6287e-04   7.6938e+02
-5.2000e-01   -6.7576e-04   7.6951e+02
-5.3000e-01   -6.8875e-04   7.6951e+02
-5.4000e-01   -7.0173e-04   7.6953e+02
-5.5000e-01   -7.1472e-04   7.6953e+02
-5.6000e-01   -7.2769e-04   7.6955e+02
-5.7000e-01   -7.4058e-04   7.6967e+02
-5.8000e-01   -7.5356e-04   7.6969e+02
-5.9000e-01   -7.6652e-04   7.6971e+02
-6.0000e-01   -7.7949e-04   7.6973e+02
-6.1000e-01   -7.9237e-04   7.6985e+02
-6.2000e-01   -8.0533e-04   7.6987e+02
-6.3000e-01   -8.1830e-04   7.6989e+02
-6.4000e-01   -8.3125e-04   7.6992e+02
-6.5000e-01   -8.4421e-04   7.6995e+02
-6.6000e-01   -8.5706e-04   7.7007e+02
-6.7000e-01   -8.7002e-04   7.7010e+02
-6.8000e-01   -8.8296e-04   7.7014e+02
-6.9000e-01   -8.9591e-04   7.7017e+02
-7.0000e-01   -9.0885e-04   7.7021e+02
-7.1000e-01   -9.2180e-04   7.7023e+02
-7.2000e-01   -9.3473e-04   7.7027e+02
-7.3000e-01   -9.4757e-04   7.7039e+02
-7.4000e-01   -9.6051e-04   7.7043e+02
-7.5000e-01   -9.7343e-04   7.7047e+02
-7.6000e-01   -9.8637e-04   7.7050e+02
-7.7000e-01   -9.9927e-04   7.7056e+02
-7.8000e-01   -1.0122e-03   7.7060e+02
-7.9000e-01   -1.0250e-03   7.7071e+02
-8.0000e-01   -1.0380e-03   7.7075e+02
-8.1000e-01   -1.0509e-03   7.7079e+02
-8.2000e-01   -1.0638e-03   7.7083e+02
-8.3000e-01   -1.0767e-03   7.7088e+02
-8.4000e-01   -1.0896e-03   7.7092e+02
-8.5000e-01   -1.1024e-03   7.7103e+02
-8.6000e-01   -1.1153e-03   7.7107e+02
-8.7000e-01   -1.1282e-03   7.7111e+02
-8.8000e-01   -1.1411e-03   7.7116e+02
-8.9000e-01   -1.1540e-03   7.7124e+02
-9.0000e-01   -1.1669e-03   7.7128e+02
-9.1000e-01   -1.1797e-03   7.7140e+02
-9.2000e-01   -1.1926e-03   7.7145e+02
-9.3000e-01   -1.2055e-03   7.7149e+02
-9.4000e-01   -1.2183e-03   7.7154e+02
-9.5000e-01   -1.2313e-03   7.7154e+02
-9.6000e-01   -1.2441e-03   7.7166e+02
-9.7000e-01   -1.2570e-03   7.7168e+02
-9.8000e-01   -1.2698e-03   7.7176e+02
-9.9000e-01   -1.2827e-03   7.7179e+02
-1.0000e+00   -1.2956e-03   7.7185e+02
-1.0000e+00   -1.2956e-03   7.7184e+02
-9.9000e-01   -1.2827e-03   7.7180e+02
-9.8000e-01   -1.2698e-03   7.7178e+02
-9.7000e-01   -1.2569e-03   7.7175e+02
-9.6000e-01   -1.2441e-03   7.7167e+02
-9.5000e-01   -1.2313e-03   7.7157e+02
-9.4000e-01   -1.2184e-03   7.7153e+02
-9.3000e-01   -1.2055e-03   7.7148e+02
-9.2000e-01   -1.1926e-03   7.7145e+02
-9.1000e-01   -1.1797e-03   7.7140e+02
-9.0000e-01   -1.1669e-03   7.7130e+02
-8.9000e-01   -1.1540e-03   7.7125e+02
-8.8000e-01   -1.1411e-03   7.7121e+02
-8.7000e-01   -1.1282e-03   7.7115e+02
-8.6000e-01   -1.1152e-03   7.7113e+02
-8.5000e-01   -1.1023e-03   7.7108e+02
-8.4000e-01   -1.0895e-03   7.7098e+02
-8.3000e-01   -1.0766e-03   7.7095e+02
-8.2000e-01   -1.0637e-03   7.7088e+02
-8.1000e-01   -1.0508e-03   7.7083e+02
-8.0000e-01   -1.0379e-03   7.7080e+02
-7.9000e-01   -1.0249e-03   7.7078e+02
-7.8000e-01   -1.0121e-03   7.7065e+02
-7.7000e-01   -9.9927e-04   7.7056e+02
-7.6000e-01   -9.8637e-04   7.7050e+02
-7.5000e-01   -9.7343e-04   7.7047e+02
-7.4000e-01   -9.6050e-04   7.7043e+02
-7.3000e-01   -9.4757e-04   7.7039e+02
-7.2000e-01   -9.3473e-04   7.7027e+02
-7.1000e-01   -9.2180e-04   7.7024e+02
-7.0000e-01   -9.0885e-04   7.7021e+02
-6.9000e-01   -8.9591e-04   7.7017e+02
-6.8000e-01   -8.8296e-04   7.7014e+02
-6.7000e-01   -8.7002e-04   7.7010e+02
-6.6000e-01   -8.5706e-04   7.7007e+02
-6.5000e-01   -8.4421e-04   7.6995e+02
-6.4000e-01   -8.3125e-04   7.6992e+02
-6.3000e-01   -8.1830e-04   7.6989e+02
-6.2000e-01   -8.0534e-04   7.6987e+02
-6.1000e-01   -7.9237e-04   7.6984e+02
-6.0000e-01   -7.7950e-04   7.6972e+02
-5.9000e-01   -7.6654e-04   7.6969e+02
-5.8000e-01   -7.5356e-04   7.6968e+02
-5.7000e-01   -7.4059e-04   7.6966e+02
-5.6000e-01   -7.2770e-04   7.6954e+02
-5.5000e-01   -7.1473e-04   7.6952e+02
-5.4000e-01   -7.0174e-04   7.6952e+02
-5.3000e-01   -6.8876e-04   7.6949e+02
-5.2000e-01   -6.7577e-04   7.6949e+02
-5.1000e-01   -6.6289e-04   7.6936e+02
-5.0000e-01   -6.4989e-04   7.6936e+02
-4.9000e-01   -6.3690e-04   7.6935e+02
-4.8000e-01   -6.2391e-04   7.6934e+02
-4.7000e-01   -6.1101e-04   7.6922e+02
-4.6000e-01   -5.9803e-04   7.6919e+02
-4.5000e-01   -5.8503e-04   7.6919e+02
-4.4000e-01   -5.7203e-04   7.6919e+02
-4.3000e-01   -5.5912e-04   7.6906e+02
-4.2000e-01   -5.4612e-04   7.6906e+02
-4.1000e-01   -5.3310e-04   7.6908e+02
-4.0000e-01   -5.2010e-04   7.6908e+02
-3.9000e-01   -5.0718e-04   7.6895e+02
-3.8000e-01   -4.9417e-04   7.6897e+02
-3.7000e-01   -4.8116e-04   7.6898e+02
-3.6000e-01   -4.6814e-04   7.6900e+02
-3.5000e-01   -4.5521e-04   7.6887e+02
-3.4000e-01   -4.4220e-04   7.6888e+02
-3.3000e-01   -4.2917e-04   7.6893e+02
-3.2000e-01   -4.1616e-04   7.6894e+02
-3.1000e-01   -4.0313e-04   7.6899e+02
-3.0000e-01   -3.9021e-04   7.6882e+02
-2.9000e-01   -3.7718e-04   7.6886e+02
-2.8000e-01   -3.6416e-04   7.6889e+02
-2.7000e-01   -3.5114e-04   7.6893e+02
-2.6000e-01   -3.3811e-04   7.6898e+02
-2.5000e-01   -3.2519e-04   7.6878e+02
-2.4000e-01   -3.1216e-04   7.6884e+02
-2.3000e-01   -2.9914e-04   7.6888e+02
-2.2000e-01   -2.8611e-04   7.6894e+02
-2.1000e-01   -2.7309e-04   7.6898e+02
-2.0000e-01   -2.6016e-04   7.6876e+02
-1.9000e-01   -2.4713e-04   7.6883e+02
-1.8000e-01   -2.3410e-04   7.6889e+02
-1.7000e-01   -2.2108e-04   7.6896e+02
-1.6000e-01   -2.0805e-04   7.6906e+02
-1.5000e-01   -1.9514e-04   7.6868e+02
-1.4000e-01   -1.8211e-04   7.6875e+02
-1.3000e-01   -1.6909e-04   7.6883e+02
-1.2000e-01   -1.5606e-04   7.6893e+02
-1.1000e-01   -1.4305e-04   7.6899e+02
-1.0000e-01   -1.3002e-04   7.6914e+02
-9.0000e-02   -1.1709e-04   7.6865e+02
-8.0000e-02   -1.0406e-04   7.6881e+02
-7.0000e-02   -9.0947e-05   7.6968e+02
-6.0000e-02   -7.7927e-05   7.6995e+02
-5.0000e-02   -6.4902e-05   7.7039e+02
-4.0000e-02   -5.1973e-05   7.6963e+02
-3.0000e-02   -3.8947e-05   7.7027e+02
-2.0000e-02   -2.5926e-05   7.7144e+02
-1.0000e-02   -1.2900e-05   7.7519e+02
0.0000e+00   2.8912e-07   0.0000e+00
0.0000e+00   2.8782e-07   0.0000e+00
1.0000e-02   1.3055e-05   7.6601e+02
2.0000e-02   2.6079e-05   7.6689e+02
3.0000e-02   3.9105e-05   7.6717e+02
4.0000e-02   5.2128e-05   7.6734e+02
5.0000e-02   6.5062e-05   7.6850e+02
6.0000e-02   7.8082e-05   7.6842e+02
7.0000e-02   9.1118e-05   7.6823e+02
8.0000e-02   1.0404e-04   7.6892e+02
9.0000e-02   1.1697e-04   7.6943e+02
1.0000e-01   1.2999e-04   7.6931e+02
1.1000e-01   1.4302e-04   7.6912e+02
1.2000e-01   1.5594e-04   7.6952e+02
1.3000e-01   1.6897e-04   7.6935e+02
1.4000e-01   1.8200e-04   7.6924e+02
1.5000e-01   1.9501e-04   7.6921e+02
1.6000e-01   2.0793e-04   7.6950e+02
1.7000e-01   2.2095e-04   7.6942e+02
1.8000e-01   2.3397e-04   7.6933e+02
1.9000e-01   2.4700e-04   7.6925e+02
2.0000e-01   2.5991e-04   7.6949e+02
2.1000e-01   2.7294e-04   7.6940e+02
2.2000e-01   2.8596e-04   7.6934e+02
2.3000e-01   2.9898e-04   7.6928e+02
2.4000e-01   3.1190e-04   7.6948e+02
2.5000e-01   3.2492e-04   7.6943e+02
2.6000e-01   3.3794e-04   7.6937e+02
2.7000e-01   3.5085e-04   7.6955e+02
2.8000e-01   3.6387e-04   7.6951e+02
2.9000e-01   3.7688e-04   7.6948e+02
3.0000e-01   3.8991e-04   7.6941e+02
3.1000e-01   4.0281e-04   7.6959e+02
3.2000e-01   4.1582e-04   7.6957e+02
3.3000e-01   4.2881e-04   7.6957e+02
3.4000e-01   4.4182e-04   7.6955e+02
3.5000e-01   4.5481e-04   7.6955e+02
3.6000e-01   4.6772e-04   7.6969e+02
3.7000e-01   4.8072e-04   7.6968e+02
3.8000e-01   4.9371e-04   7.6968e+02
3.9000e-01   5.0670e-04   7.6968e+02
4.0000e-01   5.1969e-04   7.6969e+02
4.1000e-01   5.3268e-04   7.6969e+02
4.2000e-01   5.4557e-04   7.6984e+02
4.3000e-01   5.5856e-04   7.6984e+02
4.4000e-01   5.7154e-04   7.6986e+02
4.5000e-01   5.8452e-04   7.6986e+02
4.6000e-01   5.9748e-04   7.6991e+02
4.7000e-01   6.1035e-04   7.7004e+02
4.8000e-01   6.2333e-04   7.7006e+02
4.9000e-01   6.3630e-04   7.7007e+02
5.0000e-01   6.4927e-04   7.7010e+02
5.1000e-01   6.6224e-04   7.7011e+02
5.2000e-01   6.7511e-04   7.7025e+02
5.3000e-01   6.8807e-04   7.7027e+02
5.4000e-01   7.0103e-04   7.7029e+02
5.5000e-01   7.1399e-04   7.7032e+02
5.6000e-01   7.2695e-04   7.7035e+02
5.7000e-01   7.3982e-04   7.7046e+02
5.8000e-01   7.5276e-04   7.7050e+02
5.9000e-01   7.6572e-04   7.7052e+02
6.0000e-01   7.7867e-04   7.7054e+02
6.1000e-01   7.9162e-04   7.7057e+02
6.2000e-01   8.0447e-04   7.7070e+02
6.3000e-01   8.1741e-04   7.7073e+02
6.4000e-01   8.3036e-04   7.7075e+02
6.5000e-01   8.4330e-04   7.7078e+02
6.6000e-01   8.5615e-04   7.7089e+02
6.7000e-01   8.6908e-04   7.7093e+02
6.8000e-01   8.8201e-04   7.7096e+02
6.9000e-01   8.9494e-04   7.7101e+02
7.0000e-01   9.0777e-04   7.7112e+02
7.1000e-01   9.2070e-04   7.7115e+02
7.2000e-01   9.3363e-04   7.7118e+02
7.3000e-01   9.4655e-04   7.7122e+02
7.4000e-01   9.5939e-04   7.7133e+02
7.5000e-01   9.7230e-04   7.7137e+02
7.6000e-01   9.8522e-04   7.7140e+02
7.7000e-01   9.9811e-04   7.7146e+02
7.8000e-01   1.0109e-03   7.7157e+02
7.9000e-01   1.0238e-03   7.7160e+02
8.0000e-01   1.0368e-03   7.7164e+02
8.1000e-01   1.0497e-03   7.7168e+02
8.2000e-01   1.0625e-03   7.7179e+02
8.3000e-01   1.0754e-03   7.7182e+02
8.4000e-01   1.0883e-03   7.7186e+02
8.5000e-01   1.1011e-03   7.7197e+02
8.6000e-01   1.1140e-03   7.7201e+02
8.7000e-01   1.1269e-03   7.7205e+02
8.8000e-01   1.1398e-03   7.7209e+02
8.9000e-01   1.1527e-03   7.7210e+02
9.0000e-01   1.1656e-03   7.7213e+02
9.1000e-01   1.1785e-03   7.7217e+02
9.2000e-01   1.1914e-03   7.7220e+02
9.3000e-01   1.2043e-03   7.7226e+02
9.4000e-01   1.2170e-03   7.7238e+02
9.5000e-01   1.2299e-03   7.7240e+02
9.6000e-01   1.2428e-03   7.7246e+02
9.7000e-01   1.2557e-03   7.7250e+02
9.8000e-01   1.2685e-03   7.7257e+02
9.9000e-01   1.2813e-03   7.7266e+02
1.0000e+00   1.2942e-03   7.7270e+02
1.0000e+00   1.2942e-03   7.7270e+02
9.9000e-01   1.2813e-03   7.7265e+02
9.8000e-01   1.2685e-03   7.7255e+02
9.7000e-01   1.2557e-03   7.7249e+02
9.6000e-01   1.2428e-03   7.7243e+02
9.5000e-01   1.2299e-03   7.7242e+02
9.4000e-01   1.2171e-03   7.7235e+02
9.3000e-01   1.2042e-03   7.7227e+02
9.2000e-01   1.1914e-03   7.7221e+02
9.1000e-01   1.1785e-03   7.7216e+02
9.0000e-01   1.1656e-03   7.7213e+02
8.9000e-01   1.1528e-03   7.7207e+02
8.8000e-01   1.1399e-03   7.7199e+02
8.7000e-01   1.1271e-03   7.7193e+02
8.6000e-01   1.1141e-03   7.7190e+02
8.5000e-01   1.1013e-03   7.7184e+02
8.4000e-01   1.0884e-03   7.7174e+02
8.3000e-01   1.0755e-03   7.7171e+02
8.2000e-01   1.0626e-03   7.7168e+02
8.1000e-01   1.0498e-03   7.7155e+02
8.0000e-01   1.0369e-03   7.7151e+02
7.9000e-01   1.0240e-03   7.7150e+02
7.8000e-01   1.0111e-03   7.7146e+02
7.7000e-01   9.9813e-04   7.7144e+02
7.6000e-01   9.8525e-04   7.7138e+02
7.5000e-01   9.7232e-04   7.7135e+02
7.4000e-01   9.5939e-04   7.7132e+02
7.3000e-01   9.4656e-04   7.7121e+02
7.2000e-01   9.3365e-04   7.7117e+02
7.1000e-01   9.2071e-04   7.7115e+02
7.0000e-01   9.0779e-04   7.7110e+02
6.9000e-01   8.9496e-04   7.7099e+02
6.8000e-01   8.8202e-04   7.7095e+02
6.7000e-01   8.6908e-04   7.7093e+02
6.6000e-01   8.5615e-04   7.7089e+02
6.5000e-01   8.4331e-04   7.7077e+02
6.4000e-01   8.3037e-04   7.7074e+02
6.3000e-01   8.1743e-04   7.7071e+02
6.2000e-01   8.0448e-04   7.7068e+02
6.1000e-01   7.9164e-04   7.7056e+02
6.0000e-01   7.7869e-04   7.7053e+02
5.9000e-01   7.6573e-04   7.7051e+02
5.8000e-01   7.5278e-04   7.7048e+02
5.7000e-01   7.3983e-04   7.7045e+02
5.6000e-01   7.2696e-04   7.7033e+02
5.5000e-01   7.1401e-04   7.7030e+02
5.4000e-01   7.0104e-04   7.7028e+02
5.3000e-01   6.8809e-04   7.7024e+02
5.2000e-01   6.7512e-04   7.7024e+02
5.1000e-01   6.6226e-04   7.7010e+02
5.0000e-01   6.4928e-04   7.7009e+02
4.9000e-01   6.3631e-04   7.7006e+02
4.8000e-01   6.2334e-04   7.7005e+02
4.7000e-01   6.1037e-04   7.7003e+02
4.6000e-01   5.9748e-04   7.6990e+02
4.5000e-01   5.8453e-04   7.6985e+02
4.4000e-01   5.7153e-04   7.6986e+02
4.3000e-01   5.5856e-04   7.6984e+02
4.2000e-01   5.4557e-04   7.6984e+02
4.1000e-01   5.3268e-04   7.6969e+02
4.0000e-01   5.1970e-04   7.6968e+02
3.9000e-01   5.0670e-04   7.6968e+02
3.8000e-01   4.9372e-04   7.6967e+02
3.7000e-01   4.8072e-04   7.6968e+02
3.6000e-01   4.6772e-04   7.6969e+02
3.5000e-01   4.5481e-04   7.6956e+02
3.4000e-01   4.4182e-04   7.6955e+02
3.3000e-01   4.2881e-04   7.6957e+02
3.2000e-01   4.1582e-04   7.6957e+02
3.1000e-01   4.0281e-04   7.6959e+02
3.0000e-01   3.8990e-04   7.6942e+02
2.9000e-01   3.7688e-04   7.6948e+02
2.8000e-01   3.6387e-04   7.6951e+02
2.7000e-01   3.5085e-04   7.6956e+02
2.6000e-01   3.3793e-04   7.6939e+02
2.5000e-01   3.2491e-04   7.6943e+02
2.4000e-01   3.1190e-04   7.6949e+02
2.3000e-01   2.9897e-04   7.6930e+02
2.2000e-01   2.8595e-04   7.6936e+02
2.1000e-01   2.7293e-04   7.6943e+02
2.0000e-01   2.5991e-04   7.6951e+02
1.9000e-01   2.4698e-04   7.6930e+02
1.8000e-01   2.3396e-04   7.6937e+02
1.7000e-01   2.2093e-04   7.6946e+02
1.6000e-01   2.0791e-04   7.6955e+02
1.5000e-01   1.9499e-04   7.6927e+02
1.4000e-01   1.8198e-04   7.6933e+02
1.3000e-01   1.6896e-04   7.6944e+02
1.2000e-01   1.5592e-04   7.6962e+02
1.1000e-01   1.4301e-04   7.6920e+02
1.0000e-01   1.2997e-04   7.6940e+02
9.0000e-02   1.1695e-04   7.6955e+02
8.0000e-02   1.0392e-04   7.6985e+02
7.0000e-02   9.1112e-05   7.6828e+02
6.0000e-02   7.8076e-05   7.6848e+02
5.0000e-02   6.5055e-05   7.6858e+02
4.0000e-02   5.2121e-05   7.6744e+02
3.0000e-02   3.9100e-05   7.6726e+02
2.0000e-02   2.6072e-05   7.6711e+02
1.0000e-02   1.3049e-05   7.6637e+02
0.0000e+00   1.1500e-07   0.0000e+00
