  Measurement Number     Measurement type
                   1                DC IV

      Measurement ID             SeriesID
       739662.661629                    0

         MeasureMode                Bias1                Bias2
                   2                   -1                    1

                Step  Positive compliance  Negative compliance
                0.01                  0.1                  0.1

  RealMeasuredPoints
                 404

        Bias        Current     Resistance
0.0000e+00   1.0021e-06   0.0000e+00
-1.0000e-02   3.4896e-07   -2.8657e+04
-2.0000e-02   -4.4016e-07   4.5438e+04
-3.0000e-02   -1.3990e-06   2.1444e+04
-4.0000e-02   -2.5657e-06   1.5590e+04
-5.0000e-02   -3.9659e-06   1.2608e+04
-6.0000e-02   -5.6670e-06   1.0588e+04
-7.0000e-02   -7.6959e-06   9.0958e+03
-8.0000e-02   -1.0103e-05   7.9186e+03
-9.0000e-02   -1.2910e-05   6.9716e+03
-1.0000e-01   -1.6140e-05   6.1959e+03
-1.1000e-01   -1.9863e-05   5.5378e+03
-1.2000e-01   -2.4056e-05   4.9885e+03
-1.3000e-01   -2.8750e-05   4.5218e+03
-1.4000e-01   -3.3936e-05   4.1254e+03
-1.5000e-01   -3.9617e-05   3.7862e+03
-1.6000e-01   -4.5731e-05   3.4988e+03
-1.7000e-01   -5.2369e-05   3.2462e+03
-1.8000e-01   -5.9465e-05   3.0270e+03
-1.9000e-01   -6.6992e-05   2.8362e+03
-2.0000e-01   -7.4946e-05   2.6686e+03
-2.1000e-01   -8.3237e-05   2.5229e+03
-2.2000e-01   -9.1971e-05   2.3921e+03
-2.3000e-01   -1.0109e-04   2.2752e+03
-2.4000e-01   -1.1054e-04   2.1713e+03
-2.5000e-01   -1.2039e-04   2.0766e+03
-2.6000e-01   -1.3040e-04   1.9939e+03
-2.7000e-01   -1.4079e-04   1.9178e+03
-2.8000e-01   -1.5145e-04   1.8487e+03
-2.9000e-01   -1.6238e-04   1.7859e+03
-3.0000e-01   -1.7356e-04   1.7285e+03
-3.1000e-01   -1.8489e-04   1.6767e+03
-3.2000e-01   -1.9654e-04   1.6281e+03
-3.3000e-01   -2.0840e-04   1.5835e+03
-3.4000e-01   -2.2046e-04   1.5422e+03
-3.5000e-01   -2.3271e-04   1.5040e+03
-3.6000e-01   -2.4507e-04   1.4689e+03
-3.7000e-01   -2.5769e-04   1.4359e+03
-3.8000e-01   -2.7047e-04   1.4050e+03
-3.9000e-01   -2.8341e-04   1.3761e+03
-4.0000e-01   -2.9641e-04   1.3495e+03
-4.1000e-01   -3.0966e-04   1.3241e+03
-4.2000e-01   -3.2303e-04   1.3002e+03
-4.3000e-01   -3.3654e-04   1.2777e+03
-4.4000e-01   -3.5008e-04   1.2568e+03
-4.5000e-01   -3.6383e-04   1.2368e+03
-4.6000e-01   -3.7770e-04   1.2179e+03
-4.7000e-01   -3.9167e-04   1.2000e+03
-4.8000e-01   -4.0567e-04   1.1832e+03
-4.9000e-01   -4.1988e-04   1.1670e+03
-5.0000e-01   -4.3418e-04   1.1516e+03
-5.1000e-01   -4.4859e-04   1.1369e+03
-5.2000e-01   -4.6295e-04   1.1232e+03
-5.3000e-01   -4.7754e-04   1.1098e+03
-5.4000e-01   -4.9220e-04   1.0971e+03
-5.5000e-01   -5.0697e-04   1.0849e+03
-5.6000e-01   -5.2178e-04   1.0732e+03
-5.7000e-01   -5.3659e-04   1.0623e+03
-5.8000e-01   -5.5156e-04   1.0516e+03
-5.9000e-01   -5.6661e-04   1.0413e+03
-6.0000e-01   -5.8173e-04   1.0314e+03
-6.1000e-01   -5.9681e-04   1.0221e+03
-6.2000e-01   -6.1206e-04   1.0130e+03
-6.3000e-01   -6.2738e-04   1.0042e+03
-6.4000e-01   -6.4275e-04   9.9572e+02
-6.5000e-01   -6.5820e-04   9.8755e+02
-6.6000e-01   -6.7355e-04   9.7988e+02
-6.7000e-01   -6.8911e-04   9.7227e+02
-6.8000e-01   -7.0470e-04   9.6495e+02
-6.9000e-01   -7.2036e-04   9.5785e+02
-7.0000e-01   -7.3607e-04   9.5099e+02
-7.1000e-01   -7.5183e-04   9.4436e+02
-7.2000e-01   -7.6764e-04   9.3794e+02
-7.3000e-01   -7.8337e-04   9.3187e+02
-7.4000e-01   -7.9927e-04   9.2585e+02
-7.5000e-01   -8.1521e-04   9.2001e+02
-7.6000e-01   -8.3120e-04   9.1435e+02
-7.7000e-01   -8.4720e-04   9.0888e+02
-7.8000e-01   -8.6328e-04   9.0353e+02
-7.9000e-01   -8.7927e-04   8.9847e+02
-8.0000e-01   -8.9543e-04   8.9343e+02
-8.1000e-01   -9.1161e-04   8.8854e+02
-8.2000e-01   -9.2784e-04   8.8377e+02
-8.3000e-01   -9.4410e-04   8.7915e+02
-8.4000e-01   -9.6042e-04   8.7462e+02
-8.5000e-01   -9.7662e-04   8.7035e+02
-8.6000e-01   -9.9299e-04   8.6607e+02
-8.7000e-01   -1.0094e-03   8.6191e+02
-8.8000e-01   -1.0258e-03   8.5785e+02
-8.9000e-01   -1.0423e-03   8.5389e+02
-9.0000e-01   -1.0588e-03   8.5003e+02
-9.1000e-01   -1.0752e-03   8.4638e+02
-9.2000e-01   -1.0917e-03   8.4269e+02
-9.3000e-01   -1.1083e-03   8.3910e+02
-9.4000e-01   -1.1250e-03   8.3559e+02
-9.5000e-01   -1.1416e-03   8.3216e+02
-9.6000e-01   -1.1581e-03   8.2894e+02
-9.7000e-01   -1.1748e-03   8.2567e+02
-9.8000e-01   -1.1915e-03   8.2250e+02
-9.9000e-01   -1.2083e-03   8.1935e+02
-1.0000e+00   -1.2251e-03   8.1629e+02
-1.0000e+00   -1.2251e-03   8.1627e+02
-9.9000e-01   -1.2083e-03   8.1934e+02
-9.8000e-01   -1.1915e-03   8.2247e+02
-9.7000e-01   -1.1748e-03   8.2565e+02
-9.6000e-01   -1.1581e-03   8.2891e+02
-9.5000e-01   -1.1416e-03   8.3217e+02
-9.4000e-01   -1.1250e-03   8.3556e+02
-9.3000e-01   -1.1084e-03   8.3906e+02
-9.2000e-01   -1.0918e-03   8.4266e+02
-9.1000e-01   -1.0753e-03   8.4631e+02
-9.0000e-01   -1.0589e-03   8.4996e+02
-8.9000e-01   -1.0423e-03   8.5387e+02
-8.8000e-01   -1.0259e-03   8.5778e+02
-8.7000e-01   -1.0095e-03   8.6183e+02
-8.6000e-01   -9.9314e-04   8.6594e+02
-8.5000e-01   -9.7677e-04   8.7022e+02
-8.4000e-01   -9.6057e-04   8.7448e+02
-8.3000e-01   -9.4426e-04   8.7899e+02
-8.2000e-01   -9.2800e-04   8.8362e+02
-8.1000e-01   -9.1178e-04   8.8837e+02
-8.0000e-01   -8.9559e-04   8.9327e+02
-7.9000e-01   -8.7944e-04   8.9830e+02
-7.8000e-01   -8.6345e-04   9.0336e+02
-7.7000e-01   -8.4737e-04   9.0869e+02
-7.6000e-01   -8.3138e-04   9.1415e+02
-7.5000e-01   -8.1537e-04   9.1983e+02
-7.4000e-01   -7.9943e-04   9.2566e+02
-7.3000e-01   -7.8353e-04   9.3168e+02
-7.2000e-01   -7.6779e-04   9.3776e+02
-7.1000e-01   -7.5199e-04   9.4416e+02
-7.0000e-01   -7.3623e-04   9.5079e+02
-6.9000e-01   -7.2051e-04   9.5765e+02
-6.8000e-01   -7.0486e-04   9.6473e+02
-6.7000e-01   -6.8925e-04   9.7207e+02
-6.6000e-01   -6.7370e-04   9.7967e+02
-6.5000e-01   -6.5831e-04   9.8737e+02
-6.4000e-01   -6.4288e-04   9.9552e+02
-6.3000e-01   -6.2750e-04   1.0040e+03
-6.2000e-01   -6.1218e-04   1.0128e+03
-6.1000e-01   -5.9692e-04   1.0219e+03
-6.0000e-01   -5.8183e-04   1.0312e+03
-5.9000e-01   -5.6671e-04   1.0411e+03
-5.8000e-01   -5.5164e-04   1.0514e+03
-5.7000e-01   -5.3665e-04   1.0621e+03
-5.6000e-01   -5.2186e-04   1.0731e+03
-5.5000e-01   -5.0703e-04   1.0847e+03
-5.4000e-01   -4.9225e-04   1.0970e+03
-5.3000e-01   -4.7760e-04   1.1097e+03
-5.2000e-01   -4.6301e-04   1.1231e+03
-5.1000e-01   -4.4862e-04   1.1368e+03
-5.0000e-01   -4.3422e-04   1.1515e+03
-4.9000e-01   -4.1991e-04   1.1669e+03
-4.8000e-01   -4.0570e-04   1.1831e+03
-4.7000e-01   -3.9171e-04   1.1999e+03
-4.6000e-01   -3.7773e-04   1.2178e+03
-4.5000e-01   -3.6385e-04   1.2368e+03
-4.4000e-01   -3.5009e-04   1.2568e+03
-4.3000e-01   -3.3653e-04   1.2778e+03
-4.2000e-01   -3.2302e-04   1.3002e+03
-4.1000e-01   -3.0963e-04   1.3242e+03
-4.0000e-01   -2.9639e-04   1.3496e+03
-3.9000e-01   -2.8339e-04   1.3762e+03
-3.8000e-01   -2.7045e-04   1.4051e+03
-3.7000e-01   -2.5766e-04   1.4360e+03
-3.6000e-01   -2.4504e-04   1.4692e+03
-3.5000e-01   -2.3267e-04   1.5043e+03
-3.4000e-01   -2.2042e-04   1.5425e+03
-3.3000e-01   -2.0834e-04   1.5840e+03
-3.2000e-01   -1.9649e-04   1.6286e+03
-3.1000e-01   -1.8484e-04   1.6772e+03
-3.0000e-01   -1.7351e-04   1.7290e+03
-2.9000e-01   -1.6232e-04   1.7866e+03
-2.8000e-01   -1.5139e-04   1.8495e+03
-2.7000e-01   -1.4073e-04   1.9186e+03
-2.6000e-01   -1.3034e-04   1.9948e+03
-2.5000e-01   -1.2033e-04   2.0777e+03
-2.4000e-01   -1.1055e-04   2.1711e+03
-2.3000e-01   -1.0109e-04   2.2752e+03
-2.2000e-01   -9.1898e-05   2.3940e+03
-2.1000e-01   -8.3167e-05   2.5250e+03
-2.0000e-01   -7.4868e-05   2.6714e+03
-1.9000e-01   -6.6911e-05   2.8396e+03
-1.8000e-01   -5.9386e-05   3.0310e+03
-1.7000e-01   -5.2307e-05   3.2501e+03
-1.6000e-01   -4.5664e-05   3.5038e+03
-1.5000e-01   -3.9564e-05   3.7914e+03
-1.4000e-01   -3.3888e-05   4.1312e+03
-1.3000e-01   -2.8711e-05   4.5279e+03
-1.2000e-01   -2.4029e-05   4.9941e+03
-1.1000e-01   -1.9838e-05   5.5448e+03
-1.0000e-01   -1.6133e-05   6.1987e+03
-9.0000e-02   -1.2915e-05   6.9686e+03
-8.0000e-02   -1.0114e-05   7.9096e+03
-7.0000e-02   -7.7256e-06   9.0607e+03
-6.0000e-02   -5.7090e-06   1.0510e+04
-5.0000e-02   -4.0233e-06   1.2428e+04
-4.0000e-02   -2.6344e-06   1.5184e+04
-3.0000e-02   -1.4816e-06   2.0248e+04
-2.0000e-02   -5.3348e-07   3.7490e+04
-1.0000e-02   2.4589e-07   -4.0668e+04
0.0000e+00   8.8948e-07   0.0000e+00
0.0000e+00   9.0063e-07   0.0000e+00
1.0000e-02   1.4354e-06   6.9669e+03
2.0000e-02   1.8910e-06   1.0576e+04
3.0000e-02   2.2841e-06   1.3134e+04
4.0000e-02   2.6296e-06   1.5211e+04
5.0000e-02   2.9374e-06   1.7022e+04
6.0000e-02   3.2218e-06   1.8623e+04
7.0000e-02   3.4888e-06   2.0064e+04
8.0000e-02   3.7402e-06   2.1389e+04
9.0000e-02   3.9849e-06   2.2585e+04
1.0000e-01   4.2246e-06   2.3671e+04
1.1000e-01   4.4602e-06   2.4663e+04
1.2000e-01   4.6924e-06   2.5574e+04
1.3000e-01   4.9249e-06   2.6397e+04
1.4000e-01   5.1584e-06   2.7140e+04
1.5000e-01   5.3919e-06   2.7819e+04
1.6000e-01   5.6252e-06   2.8444e+04
1.7000e-01   5.8612e-06   2.9004e+04
1.8000e-01   6.0987e-06   2.9515e+04
1.9000e-01   6.3375e-06   2.9980e+04
2.0000e-01   6.5762e-06   3.0413e+04
2.1000e-01   6.8191e-06   3.0796e+04
2.2000e-01   7.0636e-06   3.1145e+04
2.3000e-01   7.3094e-06   3.1466e+04
2.4000e-01   7.5552e-06   3.1766e+04
2.5000e-01   7.8042e-06   3.2034e+04
2.6000e-01   8.0546e-06   3.2280e+04
2.7000e-01   8.3045e-06   3.2513e+04
2.8000e-01   8.5588e-06   3.2715e+04
2.9000e-01   8.8144e-06   3.2901e+04
3.0000e-01   9.0707e-06   3.3073e+04
3.1000e-01   9.3268e-06   3.3238e+04
3.2000e-01   9.5870e-06   3.3378e+04
3.3000e-01   9.8477e-06   3.3510e+04
3.4000e-01   1.0112e-05   3.3624e+04
3.5000e-01   1.0376e-05   3.3731e+04
3.6000e-01   1.0639e-05   3.3837e+04
3.7000e-01   1.0906e-05   3.3927e+04
3.8000e-01   1.1174e-05   3.4009e+04
3.9000e-01   1.1444e-05   3.4080e+04
4.0000e-01   1.1719e-05   3.4132e+04
4.1000e-01   1.1992e-05   3.4190e+04
4.2000e-01   1.2262e-05   3.4253e+04
4.3000e-01   1.2537e-05   3.4298e+04
4.4000e-01   1.2811e-05   3.4344e+04
4.5000e-01   1.3088e-05   3.4384e+04
4.6000e-01   1.3366e-05   3.4415e+04
4.7000e-01   1.3643e-05   3.4451e+04
4.8000e-01   1.3922e-05   3.4477e+04
4.9000e-01   1.4206e-05   3.4493e+04
5.0000e-01   1.4488e-05   3.4511e+04
5.1000e-01   1.4772e-05   3.4525e+04
5.2000e-01   1.5054e-05   3.4541e+04
5.3000e-01   1.5342e-05   3.4547e+04
5.4000e-01   1.5629e-05   3.4550e+04
5.5000e-01   1.5918e-05   3.4553e+04
5.6000e-01   1.6209e-05   3.4549e+04
5.7000e-01   1.6497e-05   3.4553e+04
5.8000e-01   1.6789e-05   3.4545e+04
5.9000e-01   1.7083e-05   3.4537e+04
6.0000e-01   1.7378e-05   3.4527e+04
6.1000e-01   1.7675e-05   3.4513e+04
6.2000e-01   1.7968e-05   3.4505e+04
6.3000e-01   1.8266e-05   3.4490e+04
6.4000e-01   1.8566e-05   3.4473e+04
6.5000e-01   1.8865e-05   3.4456e+04
6.6000e-01   1.9164e-05   3.4440e+04
6.7000e-01   1.9465e-05   3.4420e+04
6.8000e-01   1.9769e-05   3.4397e+04
6.9000e-01   2.0072e-05   3.4376e+04
7.0000e-01   2.0376e-05   3.4354e+04
7.1000e-01   2.0683e-05   3.4328e+04
7.2000e-01   2.0990e-05   3.4302e+04
7.3000e-01   2.1299e-05   3.4275e+04
7.4000e-01   2.1605e-05   3.4251e+04
7.5000e-01   2.1915e-05   3.4224e+04
7.6000e-01   2.2226e-05   3.4195e+04
7.7000e-01   2.2538e-05   3.4164e+04
7.8000e-01   2.2849e-05   3.4137e+04
7.9000e-01   2.3163e-05   3.4106e+04
8.0000e-01   2.3479e-05   3.4073e+04
8.1000e-01   2.3796e-05   3.4039e+04
8.2000e-01   2.4110e-05   3.4011e+04
8.3000e-01   2.4428e-05   3.3977e+04
8.4000e-01   2.4747e-05   3.3943e+04
8.5000e-01   2.5065e-05   3.3911e+04
8.6000e-01   2.5386e-05   3.3876e+04
8.7000e-01   2.5707e-05   3.3843e+04
8.8000e-01   2.6030e-05   3.3807e+04
8.9000e-01   2.6352e-05   3.3774e+04
9.0000e-01   2.6676e-05   3.3739e+04
9.1000e-01   2.7001e-05   3.3702e+04
9.2000e-01   2.7324e-05   3.3670e+04
9.3000e-01   2.7652e-05   3.3633e+04
9.4000e-01   2.7977e-05   3.3599e+04
9.5000e-01   2.8303e-05   3.3565e+04
9.6000e-01   2.8631e-05   3.3530e+04
9.7000e-01   2.8962e-05   3.3492e+04
9.8000e-01   2.9292e-05   3.3457e+04
9.9000e-01   2.9621e-05   3.3422e+04
1.0000e+00   2.9950e-05   3.3389e+04
1.0000e+00   2.9955e-05   3.3384e+04
9.9000e-01   2.9631e-05   3.3411e+04
9.8000e-01   2.9312e-05   3.3433e+04
9.7000e-01   2.8991e-05   3.3459e+04
9.6000e-01   2.8673e-05   3.3482e+04
9.5000e-01   2.8353e-05   3.3506e+04
9.4000e-01   2.8034e-05   3.3531e+04
9.3000e-01   2.7719e-05   3.3551e+04
9.2000e-01   2.7400e-05   3.3576e+04
9.1000e-01   2.7085e-05   3.3599e+04
9.0000e-01   2.6770e-05   3.3620e+04
8.9000e-01   2.6453e-05   3.3645e+04
8.8000e-01   2.6141e-05   3.3664e+04
8.7000e-01   2.5827e-05   3.3686e+04
8.6000e-01   2.5515e-05   3.3706e+04
8.5000e-01   2.5202e-05   3.3727e+04
8.4000e-01   2.4891e-05   3.3747e+04
8.3000e-01   2.4580e-05   3.3768e+04
8.2000e-01   2.4269e-05   3.3788e+04
8.1000e-01   2.3961e-05   3.3804e+04
8.0000e-01   2.3653e-05   3.3822e+04
7.9000e-01   2.3343e-05   3.3843e+04
7.8000e-01   2.3037e-05   3.3858e+04
7.7000e-01   2.2734e-05   3.3870e+04
7.6000e-01   2.2428e-05   3.3887e+04
7.5000e-01   2.2123e-05   3.3901e+04
7.4000e-01   2.1819e-05   3.3915e+04
7.3000e-01   2.1518e-05   3.3925e+04
7.2000e-01   2.1216e-05   3.3936e+04
7.1000e-01   2.0914e-05   3.3948e+04
7.0000e-01   2.0613e-05   3.3959e+04
6.9000e-01   2.0314e-05   3.3966e+04
6.8000e-01   2.0017e-05   3.3971e+04
6.7000e-01   1.9721e-05   3.3974e+04
6.6000e-01   1.9424e-05   3.3978e+04
6.5000e-01   1.9130e-05   3.3978e+04
6.4000e-01   1.8835e-05   3.3979e+04
6.3000e-01   1.8540e-05   3.3980e+04
6.2000e-01   1.8246e-05   3.3979e+04
6.1000e-01   1.7956e-05   3.3972e+04
6.0000e-01   1.7665e-05   3.3966e+04
5.9000e-01   1.7374e-05   3.3959e+04
5.8000e-01   1.7084e-05   3.3950e+04
5.7000e-01   1.6795e-05   3.3939e+04
5.6000e-01   1.6509e-05   3.3922e+04
5.5000e-01   1.6222e-05   3.3905e+04
5.4000e-01   1.5936e-05   3.3885e+04
5.3000e-01   1.5651e-05   3.3863e+04
5.2000e-01   1.5367e-05   3.3838e+04
5.1000e-01   1.5086e-05   3.3805e+04
5.0000e-01   1.4805e-05   3.3771e+04
4.9000e-01   1.4525e-05   3.3736e+04
4.8000e-01   1.4244e-05   3.3699e+04
4.7000e-01   1.3965e-05   3.3656e+04
4.6000e-01   1.3689e-05   3.3604e+04
4.5000e-01   1.3412e-05   3.3553e+04
4.4000e-01   1.3136e-05   3.3495e+04
4.3000e-01   1.2862e-05   3.3432e+04
4.2000e-01   1.2588e-05   3.3365e+04
4.1000e-01   1.2316e-05   3.3290e+04
4.0000e-01   1.2044e-05   3.3213e+04
3.9000e-01   1.1773e-05   3.3126e+04
3.8000e-01   1.1504e-05   3.3031e+04
3.7000e-01   1.1235e-05   3.2932e+04
3.6000e-01   1.0969e-05   3.2820e+04
3.5000e-01   1.0705e-05   3.2696e+04
3.4000e-01   1.0438e-05   3.2572e+04
3.3000e-01   1.0174e-05   3.2436e+04
3.2000e-01   9.9096e-06   3.2292e+04
3.1000e-01   9.6475e-06   3.2133e+04
3.0000e-01   9.3891e-06   3.1952e+04
2.9000e-01   9.1283e-06   3.1770e+04
2.8000e-01   8.8700e-06   3.1567e+04
2.7000e-01   8.6130e-06   3.1348e+04
2.6000e-01   8.3593e-06   3.1103e+04
2.5000e-01   8.1046e-06   3.0847e+04
2.4000e-01   7.8523e-06   3.0564e+04
2.3000e-01   7.6013e-06   3.0258e+04
2.2000e-01   7.3508e-06   2.9929e+04
2.1000e-01   7.1017e-06   2.9570e+04
2.0000e-01   6.8539e-06   2.9180e+04
1.9000e-01   6.6092e-06   2.8748e+04
1.8000e-01   6.3643e-06   2.8283e+04
1.7000e-01   6.1197e-06   2.7779e+04
1.6000e-01   5.8775e-06   2.7222e+04
1.5000e-01   5.6384e-06   2.6603e+04
1.4000e-01   5.3979e-06   2.5936e+04
1.3000e-01   5.1580e-06   2.5204e+04
1.2000e-01   4.9174e-06   2.4403e+04
1.1000e-01   4.6780e-06   2.3514e+04
1.0000e-01   4.4341e-06   2.2552e+04
9.0000e-02   4.1869e-06   2.1496e+04
8.0000e-02   3.9342e-06   2.0335e+04
7.0000e-02   3.6741e-06   1.9052e+04
6.0000e-02   3.3996e-06   1.7649e+04
5.0000e-02   3.1064e-06   1.6096e+04
4.0000e-02   2.7887e-06   1.4344e+04
3.0000e-02   2.4345e-06   1.2323e+04
2.0000e-02   2.0327e-06   9.8389e+03
1.0000e-02   1.5675e-06   6.3796e+03
0.0000e+00   1.0232e-06   0.0000e+00
