  Measurement Number     Measurement type
                   2           CVSweepNew

      Measurement ID             SeriesID
       739662.663079                    0

         MeasureMode                Start                 Stop
                   1                    0                    1

                Step           Sweep mode            Frequency
                0.01                    3              1000000

            AC level                Abort          After abort
                0.01                    0                    1

           Hold time           Delay time      Stop delay time
                   0                    0                    0

  RealMeasuredPoints
                 202

     Voltage   Resistance    Reactance      ACLevel    Frequency
4.6400e-03 1.5111e+04 -2.0201e+03 6.8992e-03 1.0000e+06
1.4592e-02 1.7546e+04 -3.0506e+03 6.9035e-03 1.0000e+06
2.4552e-02 2.0187e+04 -3.7891e+03 6.9062e-03 1.0000e+06
3.4776e-02 2.2559e+04 -5.5536e+03 6.9079e-03 1.0000e+06
4.4896e-02 2.4799e+04 -6.6270e+03 6.9090e-03 1.0000e+06
5.4488e-02 2.6455e+04 -8.1097e+03 6.9115e-03 1.0000e+06
6.4464e-02 2.8219e+04 -9.0516e+03 6.9108e-03 1.0000e+06
7.4384e-02 2.9792e+04 -8.7796e+03 6.9104e-03 1.0000e+06
8.4344e-02 3.0175e+04 -9.9028e+03 6.9116e-03 1.0000e+06
9.4312e-02 3.0955e+04 -1.1677e+04 6.9124e-03 1.0000e+06
1.0420e-01 3.1158e+04 -1.1253e+04 6.9123e-03 1.0000e+06
1.1382e-01 3.1807e+04 -1.1561e+04 6.9118e-03 1.0000e+06
1.2379e-01 3.0942e+04 -1.1452e+04 6.9129e-03 1.0000e+06
1.3433e-01 3.2480e+04 -1.1857e+04 6.9113e-03 1.0000e+06
1.4409e-01 3.1727e+04 -1.1184e+04 6.9120e-03 1.0000e+06
1.5394e-01 3.1965e+04 -1.1991e+04 6.9127e-03 1.0000e+06
1.6375e-01 3.2425e+04 -1.1626e+04 6.9128e-03 1.0000e+06
1.7406e-01 3.2964e+04 -1.1315e+04 6.9126e-03 1.0000e+06
1.8402e-01 3.1662e+04 -1.2129e+04 6.9123e-03 1.0000e+06
1.9402e-01 3.2116e+04 -1.0989e+04 6.9119e-03 1.0000e+06
2.0384e-01 3.1872e+04 -1.0107e+04 6.9125e-03 1.0000e+06
2.1357e-01 3.2752e+04 -1.1067e+04 6.9141e-03 1.0000e+06
2.2389e-01 3.2009e+04 -1.1070e+04 6.9119e-03 1.0000e+06
2.3377e-01 3.3082e+04 -1.0065e+04 6.9113e-03 1.0000e+06
2.4352e-01 3.1299e+04 -1.0047e+04 6.9125e-03 1.0000e+06
2.5447e-01 3.1433e+04 -9.6671e+03 6.9107e-03 1.0000e+06
2.6449e-01 3.1635e+04 -9.7484e+03 6.9122e-03 1.0000e+06
2.7439e-01 3.1179e+04 -9.2651e+03 6.9122e-03 1.0000e+06
2.8450e-01 3.1997e+04 -9.4347e+03 6.9135e-03 1.0000e+06
2.9438e-01 3.1459e+04 -9.0769e+03 6.9120e-03 1.0000e+06
3.0420e-01 3.1124e+04 -9.4425e+03 6.9111e-03 1.0000e+06
3.1400e-01 3.1344e+04 -8.5216e+03 6.9128e-03 1.0000e+06
3.2443e-01 3.1293e+04 -8.6917e+03 6.9127e-03 1.0000e+06
3.3432e-01 3.1414e+04 -8.9390e+03 6.9111e-03 1.0000e+06
3.4404e-01 3.1389e+04 -7.8616e+03 6.9108e-03 1.0000e+06
3.5415e-01 3.2012e+04 -8.6112e+03 6.9119e-03 1.0000e+06
3.6422e-01 3.0930e+04 -8.4989e+03 6.9113e-03 1.0000e+06
3.7404e-01 3.1088e+04 -8.1250e+03 6.9105e-03 1.0000e+06
3.8426e-01 3.0846e+04 -8.4022e+03 6.9114e-03 1.0000e+06
3.9421e-01 3.1194e+04 -7.8100e+03 6.9112e-03 1.0000e+06
4.0380e-01 3.0242e+04 -7.6785e+03 6.9117e-03 1.0000e+06
4.1390e-01 3.1333e+04 -7.5446e+03 6.9101e-03 1.0000e+06
4.2391e-01 3.1014e+04 -7.3853e+03 6.9124e-03 1.0000e+06
4.3384e-01 3.1009e+04 -7.2857e+03 6.9109e-03 1.0000e+06
4.4369e-01 3.1165e+04 -6.9744e+03 6.9101e-03 1.0000e+06
4.5392e-01 2.9976e+04 -7.6803e+03 6.9110e-03 1.0000e+06
4.6384e-01 3.1017e+04 -7.0502e+03 6.9108e-03 1.0000e+06
4.7374e-01 3.1101e+04 -7.2152e+03 6.9120e-03 1.0000e+06
4.8361e-01 3.0348e+04 -7.2863e+03 6.9106e-03 1.0000e+06
4.9347e-01 3.0546e+04 -7.3032e+03 6.9112e-03 1.0000e+06
5.0430e-01 3.1546e+04 -7.4845e+03 6.9107e-03 1.0000e+06
5.1453e-01 3.0478e+04 -7.0428e+03 6.9113e-03 1.0000e+06
5.2460e-01 3.0142e+04 -6.6329e+03 6.9100e-03 1.0000e+06
5.3454e-01 3.0113e+04 -6.8816e+03 6.9121e-03 1.0000e+06
5.4426e-01 3.0379e+04 -6.3906e+03 6.9130e-03 1.0000e+06
5.5423e-01 3.0259e+04 -7.0234e+03 6.9107e-03 1.0000e+06
5.6430e-01 3.0133e+04 -6.5441e+03 6.9105e-03 1.0000e+06
5.7453e-01 3.0503e+04 -5.9859e+03 6.9093e-03 1.0000e+06
5.8414e-01 3.0127e+04 -6.0171e+03 6.9112e-03 1.0000e+06
5.9386e-01 2.9798e+04 -6.1145e+03 6.9104e-03 1.0000e+06
6.0394e-01 2.9932e+04 -7.1753e+03 6.9109e-03 1.0000e+06
6.1401e-01 2.9704e+04 -6.4807e+03 6.9100e-03 1.0000e+06
6.2383e-01 3.0028e+04 -5.9007e+03 6.9116e-03 1.0000e+06
6.3370e-01 3.0302e+04 -5.6448e+03 6.9103e-03 1.0000e+06
6.4386e-01 2.9319e+04 -6.0359e+03 6.9108e-03 1.0000e+06
6.5361e-01 2.9904e+04 -6.3301e+03 6.9118e-03 1.0000e+06
6.6367e-01 2.9518e+04 -5.7296e+03 6.9101e-03 1.0000e+06
6.7374e-01 2.8997e+04 -5.5141e+03 6.9099e-03 1.0000e+06
6.8374e-01 2.9520e+04 -5.6484e+03 6.9105e-03 1.0000e+06
6.9340e-01 2.9432e+04 -5.5043e+03 6.9097e-03 1.0000e+06
7.0354e-01 2.9163e+04 -5.5888e+03 6.9108e-03 1.0000e+06
7.1371e-01 2.9193e+04 -5.4244e+03 6.9110e-03 1.0000e+06
7.2353e-01 2.9037e+04 -5.4495e+03 6.9097e-03 1.0000e+06
7.3342e-01 2.8860e+04 -5.4508e+03 6.9108e-03 1.0000e+06
7.4415e-01 2.9212e+04 -4.9922e+03 6.9106e-03 1.0000e+06
7.5424e-01 2.9321e+04 -4.7209e+03 6.9088e-03 1.0000e+06
7.6450e-01 2.8939e+04 -5.5690e+03 6.9098e-03 1.0000e+06
7.7427e-01 2.8811e+04 -5.1043e+03 6.9095e-03 1.0000e+06
7.8403e-01 2.8423e+04 -4.8603e+03 6.9093e-03 1.0000e+06
7.9384e-01 2.9103e+04 -5.2918e+03 6.9098e-03 1.0000e+06
8.0406e-01 2.8490e+04 -4.9186e+03 6.9082e-03 1.0000e+06
8.1388e-01 2.8503e+04 -4.6627e+03 6.9098e-03 1.0000e+06
8.2394e-01 2.8528e+04 -4.9679e+03 6.9088e-03 1.0000e+06
8.3406e-01 2.8298e+04 -4.7672e+03 6.9089e-03 1.0000e+06
8.4381e-01 2.9084e+04 -5.6397e+03 6.9109e-03 1.0000e+06
8.5398e-01 2.8656e+04 -4.5901e+03 6.9106e-03 1.0000e+06
8.6391e-01 2.8404e+04 -5.0672e+03 6.9097e-03 1.0000e+06
8.7404e-01 2.8472e+04 -5.2407e+03 6.9081e-03 1.0000e+06
8.8365e-01 2.7694e+04 -5.4082e+03 6.9078e-03 1.0000e+06
8.9362e-01 2.8296e+04 -4.6414e+03 6.9110e-03 1.0000e+06
9.0362e-01 2.7783e+04 -4.2546e+03 6.9086e-03 1.0000e+06
9.1366e-01 2.7903e+04 -4.5913e+03 6.9100e-03 1.0000e+06
9.2354e-01 2.7489e+04 -4.4406e+03 6.9097e-03 1.0000e+06
9.3349e-01 2.7997e+04 -4.8773e+03 6.9092e-03 1.0000e+06
9.4334e-01 2.8056e+04 -4.5193e+03 6.9095e-03 1.0000e+06
9.5330e-01 2.7811e+04 -4.3873e+03 6.9092e-03 1.0000e+06
9.6367e-01 2.7554e+04 -4.5053e+03 6.9097e-03 1.0000e+06
9.7326e-01 2.7712e+04 -3.9170e+03 6.9097e-03 1.0000e+06
9.8328e-01 2.8092e+04 -4.2384e+03 6.9098e-03 1.0000e+06
9.9442e-01 2.7741e+04 -4.1961e+03 6.9098e-03 1.0000e+06
1.0042e+00 2.7418e+04 -4.9833e+03 6.9090e-03 1.0000e+06
1.0042e+00 2.7677e+04 -4.2847e+03 6.9093e-03 1.0000e+06
9.9427e-01 2.8092e+04 -4.1233e+03 6.9090e-03 1.0000e+06
9.8326e-01 2.7427e+04 -4.7034e+03 6.9104e-03 1.0000e+06
9.7341e-01 2.7529e+04 -4.3776e+03 6.9099e-03 1.0000e+06
9.6341e-01 2.7900e+04 -4.6360e+03 6.9103e-03 1.0000e+06
9.5339e-01 2.7280e+04 -4.2228e+03 6.9082e-03 1.0000e+06
9.4330e-01 2.7852e+04 -4.0237e+03 6.9100e-03 1.0000e+06
9.3356e-01 2.7614e+04 -4.6426e+03 6.9100e-03 1.0000e+06
9.2371e-01 2.7684e+04 -4.9078e+03 6.9098e-03 1.0000e+06
9.1358e-01 2.8129e+04 -4.1203e+03 6.9107e-03 1.0000e+06
9.0364e-01 2.7671e+04 -4.5864e+03 6.9091e-03 1.0000e+06
8.9378e-01 2.8490e+04 -4.8211e+03 6.9103e-03 1.0000e+06
8.8382e-01 2.7899e+04 -4.7604e+03 6.9088e-03 1.0000e+06
8.7388e-01 2.8019e+04 -4.7429e+03 6.9093e-03 1.0000e+06
8.6380e-01 2.8181e+04 -4.4131e+03 6.9091e-03 1.0000e+06
8.5368e-01 2.8007e+04 -4.0322e+03 6.9107e-03 1.0000e+06
8.4378e-01 2.8630e+04 -4.5531e+03 6.9106e-03 1.0000e+06
8.3422e-01 2.8830e+04 -4.1873e+03 6.9106e-03 1.0000e+06
8.2382e-01 2.8561e+04 -4.8162e+03 6.9086e-03 1.0000e+06
8.1386e-01 2.8358e+04 -5.0362e+03 6.9099e-03 1.0000e+06
8.0396e-01 2.8667e+04 -4.6206e+03 6.9100e-03 1.0000e+06
7.9406e-01 2.8531e+04 -4.7289e+03 6.9100e-03 1.0000e+06
7.8424e-01 2.8518e+04 -5.2201e+03 6.9098e-03 1.0000e+06
7.7414e-01 2.8690e+04 -5.5167e+03 6.9109e-03 1.0000e+06
7.6427e-01 2.8636e+04 -5.4916e+03 6.9122e-03 1.0000e+06
7.5409e-01 2.8757e+04 -5.2943e+03 6.9100e-03 1.0000e+06
7.4445e-01 2.9366e+04 -5.3904e+03 6.9100e-03 1.0000e+06
7.3368e-01 2.9090e+04 -4.7775e+03 6.9113e-03 1.0000e+06
7.2358e-01 2.8892e+04 -5.2048e+03 6.9109e-03 1.0000e+06
7.1346e-01 2.9252e+04 -5.9347e+03 6.9096e-03 1.0000e+06
7.0360e-01 2.9762e+04 -5.8427e+03 6.9094e-03 1.0000e+06
6.9338e-01 2.9109e+04 -5.3835e+03 6.9100e-03 1.0000e+06
6.8378e-01 2.9255e+04 -5.8869e+03 6.9108e-03 1.0000e+06
6.7373e-01 2.9418e+04 -5.1316e+03 6.9105e-03 1.0000e+06
6.6351e-01 2.9360e+04 -5.6816e+03 6.9094e-03 1.0000e+06
6.5364e-01 2.9369e+04 -5.6793e+03 6.9096e-03 1.0000e+06
6.4394e-01 2.9821e+04 -6.0550e+03 6.9100e-03 1.0000e+06
6.3397e-01 2.9234e+04 -6.5270e+03 6.9101e-03 1.0000e+06
6.2403e-01 2.9580e+04 -5.9954e+03 6.9102e-03 1.0000e+06
6.1402e-01 3.0013e+04 -6.1821e+03 6.9099e-03 1.0000e+06
6.0374e-01 3.0078e+04 -6.6766e+03 6.9114e-03 1.0000e+06
5.9413e-01 2.9541e+04 -5.9237e+03 6.9106e-03 1.0000e+06
5.8438e-01 3.0221e+04 -5.7287e+03 6.9109e-03 1.0000e+06
5.7438e-01 2.9734e+04 -6.2547e+03 6.9109e-03 1.0000e+06
5.6392e-01 3.0530e+04 -6.1036e+03 6.9098e-03 1.0000e+06
5.5422e-01 3.1164e+04 -6.1303e+03 6.9100e-03 1.0000e+06
5.4447e-01 2.9934e+04 -6.6630e+03 6.9104e-03 1.0000e+06
5.3450e-01 3.0258e+04 -6.7777e+03 6.9106e-03 1.0000e+06
5.2446e-01 3.0132e+04 -6.3847e+03 6.9095e-03 1.0000e+06
5.1450e-01 3.0100e+04 -7.6511e+03 6.9113e-03 1.0000e+06
5.0450e-01 3.0246e+04 -7.1100e+03 6.9111e-03 1.0000e+06
4.9369e-01 3.0083e+04 -7.1436e+03 6.9102e-03 1.0000e+06
4.8379e-01 3.0461e+04 -6.5990e+03 6.9085e-03 1.0000e+06
4.7366e-01 3.0294e+04 -6.9103e+03 6.9114e-03 1.0000e+06
4.6366e-01 3.0667e+04 -7.5858e+03 6.9103e-03 1.0000e+06
4.5370e-01 3.0356e+04 -7.3267e+03 6.9113e-03 1.0000e+06
4.4363e-01 3.0709e+04 -7.5029e+03 6.9112e-03 1.0000e+06
4.3395e-01 3.0883e+04 -7.5238e+03 6.9101e-03 1.0000e+06
4.2390e-01 3.0678e+04 -7.5456e+03 6.9102e-03 1.0000e+06
4.1369e-01 3.0527e+04 -7.5096e+03 6.9105e-03 1.0000e+06
4.0399e-01 3.0434e+04 -8.2115e+03 6.9098e-03 1.0000e+06
3.9411e-01 3.1107e+04 -7.8945e+03 6.9110e-03 1.0000e+06
3.8411e-01 3.0877e+04 -8.3586e+03 6.9109e-03 1.0000e+06
3.7386e-01 2.9989e+04 -7.7245e+03 6.9120e-03 1.0000e+06
3.6403e-01 3.0623e+04 -8.2290e+03 6.9108e-03 1.0000e+06
3.5413e-01 3.0857e+04 -8.1853e+03 6.9101e-03 1.0000e+06
3.4426e-01 3.0617e+04 -8.8869e+03 6.9101e-03 1.0000e+06
3.3437e-01 3.1349e+04 -8.8347e+03 6.9116e-03 1.0000e+06
3.2425e-01 3.0962e+04 -8.4936e+03 6.9107e-03 1.0000e+06
3.1390e-01 3.1231e+04 -8.9921e+03 6.9125e-03 1.0000e+06
3.0400e-01 3.0052e+04 -9.0837e+03 6.9101e-03 1.0000e+06
2.9429e-01 3.0788e+04 -9.1626e+03 6.9111e-03 1.0000e+06
2.8437e-01 3.0973e+04 -9.2741e+03 6.9111e-03 1.0000e+06
2.7458e-01 3.1302e+04 -9.1823e+03 6.9101e-03 1.0000e+06
2.6431e-01 3.1432e+04 -1.0226e+04 6.9111e-03 1.0000e+06
2.5462e-01 3.0877e+04 -8.8969e+03 6.9113e-03 1.0000e+06
2.4364e-01 3.1098e+04 -9.7727e+03 6.9100e-03 1.0000e+06
2.3377e-01 3.0977e+04 -9.6688e+03 6.9126e-03 1.0000e+06
2.2368e-01 3.1009e+04 -9.8872e+03 6.9103e-03 1.0000e+06
2.1342e-01 3.1649e+04 -1.0747e+04 6.9108e-03 1.0000e+06
2.0367e-01 3.1498e+04 -1.0905e+04 6.9124e-03 1.0000e+06
1.9383e-01 3.1068e+04 -1.0886e+04 6.9112e-03 1.0000e+06
1.8378e-01 3.1069e+04 -1.1560e+04 6.9110e-03 1.0000e+06
1.7374e-01 3.1548e+04 -1.0955e+04 6.9110e-03 1.0000e+06
1.6384e-01 3.1344e+04 -1.1312e+04 6.9109e-03 1.0000e+06
1.5403e-01 3.1231e+04 -1.0824e+04 6.9125e-03 1.0000e+06
1.4408e-01 3.1510e+04 -1.0514e+04 6.9121e-03 1.0000e+06
1.3401e-01 3.0367e+04 -1.1442e+04 6.9133e-03 1.0000e+06
1.2374e-01 3.0248e+04 -1.0751e+04 6.9124e-03 1.0000e+06
1.1402e-01 3.0694e+04 -1.1608e+04 6.9119e-03 1.0000e+06
1.0416e-01 3.1119e+04 -1.1388e+04 6.9112e-03 1.0000e+06
9.4280e-02 3.0603e+04 -1.0645e+04 6.9114e-03 1.0000e+06
8.4088e-02 2.9734e+04 -1.0360e+04 6.9114e-03 1.0000e+06
7.4208e-02 2.8868e+04 -9.4541e+03 6.9116e-03 1.0000e+06
6.4216e-02 2.7678e+04 -9.1918e+03 6.9101e-03 1.0000e+06
5.4608e-02 2.6449e+04 -7.7833e+03 6.9096e-03 1.0000e+06
4.4680e-02 2.5146e+04 -6.3153e+03 6.9086e-03 1.0000e+06
3.4752e-02 2.2657e+04 -5.2237e+03 6.9059e-03 1.0000e+06
2.4712e-02 2.0103e+04 -4.3359e+03 6.9037e-03 1.0000e+06
1.4984e-02 1.7308e+04 -3.0442e+03 6.9022e-03 1.0000e+06
5.1200e-03 1.5147e+04 -2.1769e+03 6.8978e-03 1.0000e+06




