  Measurement Number     Measurement type
                   3           CVSweepNew

      Measurement ID             SeriesID
       739662.664199                    0

         MeasureMode                Start                 Stop
                   1                    0                    1

                Step           Sweep mode            Frequency
                0.01                    3               100000

            AC level                Abort          After abort
                0.01                    0                    1

           Hold time           Delay time      Stop delay time
                   0                    0                    0

  RealMeasuredPoints
                 202

     Voltage   Resistance    Reactance      ACLevel    Frequency
4.4160e-03 1.6886e+04 -3.3546e+02 6.9451e-03 1.0000e+05
1.5120e-02 2.0024e+04 -4.8400e+02 6.9486e-03 1.0000e+05
2.4472e-02 2.3462e+04 -6.0620e+02 6.9526e-03 1.0000e+05
3.4808e-02 2.6894e+04 -9.3719e+02 6.9550e-03 1.0000e+05
4.4696e-02 3.0256e+04 -1.0234e+03 6.9540e-03 1.0000e+05
5.4592e-02 3.3353e+04 -1.3963e+03 6.9555e-03 1.0000e+05
6.4400e-02 3.5937e+04 -1.5394e+03 6.9565e-03 1.0000e+05
7.4520e-02 3.7801e+04 -1.7248e+03 6.9573e-03 1.0000e+05
8.3896e-02 3.9573e+04 -1.9983e+03 6.9582e-03 1.0000e+05
9.4384e-02 4.0517e+04 -1.9669e+03 6.9582e-03 1.0000e+05
1.0399e-01 4.1337e+04 -2.2248e+03 6.9588e-03 1.0000e+05
1.1422e-01 4.1952e+04 -2.0975e+03 6.9577e-03 1.0000e+05
1.2394e-01 4.1962e+04 -2.1541e+03 6.9584e-03 1.0000e+05
1.3410e-01 4.2184e+04 -2.4428e+03 6.9579e-03 1.0000e+05
1.4399e-01 4.2149e+04 -2.1918e+03 6.9587e-03 1.0000e+05
1.5414e-01 4.1849e+04 -2.1171e+03 6.9591e-03 1.0000e+05
1.6379e-01 4.1960e+04 -2.1422e+03 6.9574e-03 1.0000e+05
1.7374e-01 4.1475e+04 -2.0423e+03 6.9577e-03 1.0000e+05
1.8364e-01 4.1230e+04 -2.1035e+03 6.9572e-03 1.0000e+05
1.9404e-01 4.1013e+04 -1.8537e+03 6.9570e-03 1.0000e+05
2.0375e-01 4.0945e+04 -2.1163e+03 6.9573e-03 1.0000e+05
2.1362e-01 4.0412e+04 -1.9245e+03 6.9585e-03 1.0000e+05
2.2398e-01 4.0346e+04 -1.7801e+03 6.9568e-03 1.0000e+05
2.3351e-01 4.0030e+04 -1.8462e+03 6.9578e-03 1.0000e+05
2.4358e-01 3.9735e+04 -1.8973e+03 6.9585e-03 1.0000e+05
2.5442e-01 3.9643e+04 -1.6788e+03 6.9578e-03 1.0000e+05
2.6464e-01 3.9306e+04 -1.8080e+03 6.9575e-03 1.0000e+05
2.7421e-01 3.9326e+04 -1.6985e+03 6.9564e-03 1.0000e+05
2.8445e-01 3.9022e+04 -1.5474e+03 6.9586e-03 1.0000e+05
2.9417e-01 3.8694e+04 -1.7358e+03 6.9581e-03 1.0000e+05
3.0434e-01 3.8595e+04 -1.6489e+03 6.9566e-03 1.0000e+05
3.1402e-01 3.8332e+04 -1.3947e+03 6.9560e-03 1.0000e+05
3.2446e-01 3.8085e+04 -1.5901e+03 6.9574e-03 1.0000e+05
3.3406e-01 3.8113e+04 -1.5653e+03 6.9568e-03 1.0000e+05
3.4428e-01 3.7624e+04 -1.3827e+03 6.9574e-03 1.0000e+05
3.5408e-01 3.7650e+04 -1.5497e+03 6.9578e-03 1.0000e+05
3.6434e-01 3.7487e+04 -1.4041e+03 6.9577e-03 1.0000e+05
3.7390e-01 3.7107e+04 -1.5144e+03 6.9576e-03 1.0000e+05
3.8410e-01 3.7247e+04 -1.4333e+03 6.9575e-03 1.0000e+05
3.9394e-01 3.6858e+04 -1.2792e+03 6.9578e-03 1.0000e+05
4.0387e-01 3.6702e+04 -1.5443e+03 6.9572e-03 1.0000e+05
4.1382e-01 3.6688e+04 -1.3114e+03 6.9571e-03 1.0000e+05
4.2398e-01 3.6333e+04 -1.2293e+03 6.9582e-03 1.0000e+05
4.3379e-01 3.6328e+04 -1.4314e+03 6.9564e-03 1.0000e+05
4.4360e-01 3.6061e+04 -1.1711e+03 6.9563e-03 1.0000e+05
4.5385e-01 3.6076e+04 -1.3752e+03 6.9567e-03 1.0000e+05
4.6365e-01 3.5757e+04 -1.3171e+03 6.9557e-03 1.0000e+05
4.7388e-01 3.5713e+04 -1.1871e+03 6.9573e-03 1.0000e+05
4.8354e-01 3.5419e+04 -1.2135e+03 6.9575e-03 1.0000e+05
4.9353e-01 3.5536e+04 -1.1570e+03 6.9557e-03 1.0000e+05
5.0431e-01 3.5249e+04 -1.1069e+03 6.9559e-03 1.0000e+05
5.1466e-01 3.5074e+04 -1.1917e+03 6.9561e-03 1.0000e+05
5.2436e-01 3.5003e+04 -1.0085e+03 6.9563e-03 1.0000e+05
5.3433e-01 3.4697e+04 -1.0492e+03 6.9588e-03 1.0000e+05
5.4414e-01 3.4834e+04 -1.0992e+03 6.9571e-03 1.0000e+05
5.5439e-01 3.4620e+04 -9.6883e+02 6.9566e-03 1.0000e+05
5.6421e-01 3.4371e+04 -1.0642e+03 6.9583e-03 1.0000e+05
5.7422e-01 3.4448e+04 -1.1154e+03 6.9560e-03 1.0000e+05
5.8413e-01 3.4163e+04 -9.7990e+02 6.9571e-03 1.0000e+05
5.9406e-01 3.4106e+04 -1.1014e+03 6.9569e-03 1.0000e+05
6.0401e-01 3.4077e+04 -9.8958e+02 6.9566e-03 1.0000e+05
6.1397e-01 3.3763e+04 -8.7808e+02 6.9559e-03 1.0000e+05
6.2393e-01 3.3732e+04 -1.0163e+03 6.9560e-03 1.0000e+05
6.3347e-01 3.3615e+04 -8.4696e+02 6.9564e-03 1.0000e+05
6.4415e-01 3.3392e+04 -1.0393e+03 6.9556e-03 1.0000e+05
6.5350e-01 3.3449e+04 -1.0045e+03 6.9556e-03 1.0000e+05
6.6354e-01 3.3322e+04 -8.4984e+02 6.9572e-03 1.0000e+05
6.7362e-01 3.3177e+04 -1.0297e+03 6.9567e-03 1.0000e+05
6.8368e-01 3.3020e+04 -9.6651e+02 6.9562e-03 1.0000e+05
6.9341e-01 3.2915e+04 -8.3057e+02 6.9568e-03 1.0000e+05
7.0396e-01 3.2790e+04 -9.3261e+02 6.9545e-03 1.0000e+05
7.1352e-01 3.2805e+04 -8.1383e+02 6.9560e-03 1.0000e+05
7.2346e-01 3.2605e+04 -9.7237e+02 6.9553e-03 1.0000e+05
7.3323e-01 3.2591e+04 -9.5129e+02 6.9555e-03 1.0000e+05
7.4440e-01 3.2289e+04 -9.2766e+02 6.9567e-03 1.0000e+05
7.5410e-01 3.2442e+04 -7.5270e+02 6.9563e-03 1.0000e+05
7.6440e-01 3.2223e+04 -9.3962e+02 6.9562e-03 1.0000e+05
7.7450e-01 3.2171e+04 -8.2569e+02 6.9563e-03 1.0000e+05
7.8414e-01 3.1930e+04 -8.7704e+02 6.9559e-03 1.0000e+05
7.9414e-01 3.1896e+04 -9.5498e+02 6.9568e-03 1.0000e+05
8.0398e-01 3.2025e+04 -7.5453e+02 6.9553e-03 1.0000e+05
8.1405e-01 3.1726e+04 -7.6812e+02 6.9566e-03 1.0000e+05
8.2378e-01 3.1631e+04 -8.4103e+02 6.9554e-03 1.0000e+05
8.3438e-01 3.1663e+04 -7.4095e+02 6.9553e-03 1.0000e+05
8.4368e-01 3.1447e+04 -8.3712e+02 6.9557e-03 1.0000e+05
8.5405e-01 3.1593e+04 -7.8269e+02 6.9550e-03 1.0000e+05
8.6384e-01 3.1334e+04 -7.5758e+02 6.9561e-03 1.0000e+05
8.7394e-01 3.1187e+04 -9.8651e+02 6.9563e-03 1.0000e+05
8.8352e-01 3.1207e+04 -8.6994e+02 6.9560e-03 1.0000e+05
8.9392e-01 3.1001e+04 -7.3227e+02 6.9563e-03 1.0000e+05
9.0369e-01 3.1042e+04 -8.4440e+02 6.9552e-03 1.0000e+05
9.1376e-01 3.0937e+04 -6.8765e+02 6.9550e-03 1.0000e+05
9.2354e-01 3.0848e+04 -6.9633e+02 6.9569e-03 1.0000e+05
9.3370e-01 3.0853e+04 -8.2333e+02 6.9555e-03 1.0000e+05
9.4329e-01 3.0697e+04 -6.5363e+02 6.9560e-03 1.0000e+05
9.5346e-01 3.0619e+04 -8.1973e+02 6.9559e-03 1.0000e+05
9.6348e-01 3.0556e+04 -7.9601e+02 6.9554e-03 1.0000e+05
9.7343e-01 3.0510e+04 -7.4455e+02 6.9567e-03 1.0000e+05
9.8323e-01 3.0347e+04 -7.8213e+02 6.9564e-03 1.0000e+05
9.9435e-01 3.0287e+04 -6.6727e+02 6.9552e-03 1.0000e+05
1.0043e+00 3.0319e+04 -7.6289e+02 6.9565e-03 1.0000e+05
1.0042e+00 3.0354e+04 -7.0679e+02 6.9565e-03 1.0000e+05
9.9435e-01 3.0303e+04 -6.3320e+02 6.9562e-03 1.0000e+05
9.8327e-01 3.0417e+04 -8.7519e+02 6.9556e-03 1.0000e+05
9.7326e-01 3.0463e+04 -7.2506e+02 6.9574e-03 1.0000e+05
9.6350e-01 3.0513e+04 -8.5787e+02 6.9551e-03 1.0000e+05
9.5340e-01 3.0693e+04 -7.4675e+02 6.9558e-03 1.0000e+05
9.4351e-01 3.0636e+04 -7.7485e+02 6.9564e-03 1.0000e+05
9.3358e-01 3.0891e+04 -7.1660e+02 6.9548e-03 1.0000e+05
9.2359e-01 3.0821e+04 -8.0657e+02 6.9551e-03 1.0000e+05
9.1361e-01 3.0920e+04 -7.9335e+02 6.9557e-03 1.0000e+05
9.0354e-01 3.1054e+04 -6.4489e+02 6.9552e-03 1.0000e+05
8.9390e-01 3.1006e+04 -8.0575e+02 6.9568e-03 1.0000e+05
8.8366e-01 3.1303e+04 -7.7524e+02 6.9549e-03 1.0000e+05
8.7390e-01 3.1210e+04 -7.8244e+02 6.9554e-03 1.0000e+05
8.6396e-01 3.1284e+04 -7.5504e+02 6.9563e-03 1.0000e+05
8.5418e-01 3.1462e+04 -8.3202e+02 6.9550e-03 1.0000e+05
8.4391e-01 3.1418e+04 -7.4162e+02 6.9552e-03 1.0000e+05
8.3423e-01 3.1622e+04 -8.6872e+02 6.9558e-03 1.0000e+05
8.2395e-01 3.1737e+04 -7.6377e+02 6.9563e-03 1.0000e+05
8.1409e-01 3.1638e+04 -7.7470e+02 6.9566e-03 1.0000e+05
8.0398e-01 3.1807e+04 -9.2643e+02 6.9549e-03 1.0000e+05
7.9413e-01 3.2005e+04 -7.6457e+02 6.9559e-03 1.0000e+05
7.8401e-01 3.1950e+04 -9.2743e+02 6.9566e-03 1.0000e+05
7.7413e-01 3.2117e+04 -9.1607e+02 6.9581e-03 1.0000e+05
7.6427e-01 3.2341e+04 -8.0131e+02 6.9557e-03 1.0000e+05
7.5426e-01 3.2186e+04 -9.3865e+02 6.9567e-03 1.0000e+05
7.4435e-01 3.2561e+04 -8.5507e+02 6.9560e-03 1.0000e+05
7.3362e-01 3.2507e+04 -8.4376e+02 6.9574e-03 1.0000e+05
7.2345e-01 3.2494e+04 -8.6687e+02 6.9570e-03 1.0000e+05
7.1338e-01 3.2711e+04 -8.4271e+02 6.9566e-03 1.0000e+05
7.0370e-01 3.2697e+04 -8.7824e+02 6.9568e-03 1.0000e+05
6.9349e-01 3.2863e+04 -1.0499e+03 6.9550e-03 1.0000e+05
6.8370e-01 3.3038e+04 -9.0059e+02 6.9561e-03 1.0000e+05
6.7364e-01 3.3096e+04 -1.0050e+03 6.9565e-03 1.0000e+05
6.6370e-01 3.3180e+04 -1.0311e+03 6.9575e-03 1.0000e+05
6.5368e-01 3.3338e+04 -8.9967e+02 6.9553e-03 1.0000e+05
6.4416e-01 3.3561e+04 -1.0429e+03 6.9589e-03 1.0000e+05
6.3356e-01 3.3540e+04 -1.0306e+03 6.9571e-03 1.0000e+05
6.2400e-01 3.3708e+04 -9.6714e+02 6.9587e-03 1.0000e+05
6.1382e-01 3.3799e+04 -9.1728e+02 6.9579e-03 1.0000e+05
6.0407e-01 3.3894e+04 -1.1006e+03 6.9565e-03 1.0000e+05
5.9387e-01 3.4086e+04 -9.8635e+02 6.9577e-03 1.0000e+05
5.8436e-01 3.4143e+04 -1.0480e+03 6.9574e-03 1.0000e+05
5.7420e-01 3.4193e+04 -1.1318e+03 6.9569e-03 1.0000e+05
5.6403e-01 3.4548e+04 -1.0594e+03 6.9573e-03 1.0000e+05
5.5425e-01 3.4498e+04 -1.0363e+03 6.9577e-03 1.0000e+05
5.4450e-01 3.4629e+04 -1.1307e+03 6.9580e-03 1.0000e+05
5.3434e-01 3.4800e+04 -1.0264e+03 6.9572e-03 1.0000e+05
5.2435e-01 3.4836e+04 -1.0810e+03 6.9581e-03 1.0000e+05
5.1446e-01 3.5113e+04 -1.2268e+03 6.9571e-03 1.0000e+05
5.0430e-01 3.5140e+04 -1.0322e+03 6.9575e-03 1.0000e+05
4.9351e-01 3.5301e+04 -1.2034e+03 6.9563e-03 1.0000e+05
4.8357e-01 3.5464e+04 -1.2826e+03 6.9585e-03 1.0000e+05
4.7378e-01 3.5522e+04 -1.1343e+03 6.9580e-03 1.0000e+05
4.6346e-01 3.5717e+04 -1.3034e+03 6.9590e-03 1.0000e+05
4.5401e-01 3.5913e+04 -1.2080e+03 6.9593e-03 1.0000e+05
4.4358e-01 3.5976e+04 -1.2651e+03 6.9578e-03 1.0000e+05
4.3394e-01 3.6141e+04 -1.4123e+03 6.9588e-03 1.0000e+05
4.2365e-01 3.6428e+04 -1.2131e+03 6.9581e-03 1.0000e+05
4.1403e-01 3.6364e+04 -1.3214e+03 6.9586e-03 1.0000e+05
4.0384e-01 3.6653e+04 -1.4294e+03 6.9572e-03 1.0000e+05
3.9423e-01 3.6860e+04 -1.3274e+03 6.9577e-03 1.0000e+05
3.8384e-01 3.6816e+04 -1.4614e+03 6.9597e-03 1.0000e+05
3.7403e-01 3.7273e+04 -1.5132e+03 6.9587e-03 1.0000e+05
3.6404e-01 3.7303e+04 -1.3377e+03 6.9574e-03 1.0000e+05
3.5425e-01 3.7395e+04 -1.5683e+03 6.9583e-03 1.0000e+05
3.4416e-01 3.7778e+04 -1.3822e+03 6.9581e-03 1.0000e+05
3.3418e-01 3.7871e+04 -1.6249e+03 6.9588e-03 1.0000e+05
3.2437e-01 3.7924e+04 -1.6014e+03 6.9574e-03 1.0000e+05
3.1409e-01 3.8163e+04 -1.5685e+03 6.9575e-03 1.0000e+05
3.0430e-01 3.8278e+04 -1.6651e+03 6.9580e-03 1.0000e+05
2.9417e-01 3.8567e+04 -1.7394e+03 6.9578e-03 1.0000e+05
2.8437e-01 3.8682e+04 -1.5783e+03 6.9584e-03 1.0000e+05
2.7445e-01 3.8896e+04 -1.8186e+03 6.9588e-03 1.0000e+05
2.6462e-01 3.9187e+04 -1.7941e+03 6.9586e-03 1.0000e+05
2.5462e-01 3.9429e+04 -1.7038e+03 6.9587e-03 1.0000e+05
2.4350e-01 3.9525e+04 -1.9954e+03 6.9578e-03 1.0000e+05
2.3359e-01 3.9951e+04 -1.8517e+03 6.9579e-03 1.0000e+05
2.2375e-01 3.9983e+04 -1.9456e+03 6.9580e-03 1.0000e+05
2.1349e-01 4.0233e+04 -2.0439e+03 6.9574e-03 1.0000e+05
2.0373e-01 4.0666e+04 -1.9675e+03 6.9586e-03 1.0000e+05
1.9375e-01 4.0670e+04 -2.0410e+03 6.9592e-03 1.0000e+05
1.8379e-01 4.1236e+04 -2.2662e+03 6.9591e-03 1.0000e+05
1.7389e-01 4.1439e+04 -2.0226e+03 6.9595e-03 1.0000e+05
1.6389e-01 4.1425e+04 -2.1176e+03 6.9583e-03 1.0000e+05
1.5390e-01 4.1832e+04 -2.2420e+03 6.9579e-03 1.0000e+05
1.4398e-01 4.1730e+04 -1.9810e+03 6.9594e-03 1.0000e+05
1.3413e-01 4.1827e+04 -2.3833e+03 6.9586e-03 1.0000e+05
1.2391e-01 4.1878e+04 -2.2450e+03 6.9568e-03 1.0000e+05
1.1399e-01 4.1460e+04 -2.0535e+03 6.9601e-03 1.0000e+05
1.0426e-01 4.1046e+04 -2.3701e+03 6.9592e-03 1.0000e+05
9.4184e-02 4.0481e+04 -1.9595e+03 6.9595e-03 1.0000e+05
8.4032e-02 3.9251e+04 -1.8397e+03 6.9595e-03 1.0000e+05
7.4360e-02 3.7589e+04 -1.8460e+03 6.9584e-03 1.0000e+05
6.4216e-02 3.5610e+04 -1.7269e+03 6.9579e-03 1.0000e+05
5.4656e-02 3.3044e+04 -1.2537e+03 6.9572e-03 1.0000e+05
4.4536e-02 3.0118e+04 -1.1465e+03 6.9558e-03 1.0000e+05
3.4920e-02 2.6790e+04 -8.6795e+02 6.9547e-03 1.0000e+05
2.4680e-02 2.3385e+04 -6.5575e+02 6.9534e-03 1.0000e+05
1.4920e-02 2.0054e+04 -4.3327e+02 6.9512e-03 1.0000e+05
4.8960e-03 1.6815e+04 -3.1195e+02 6.9478e-03 1.0000e+05




