  Measurement Number     Measurement type
                   4           CVSweepNew

      Measurement ID             SeriesID
       739662.665387                    0

         MeasureMode                Start                 Stop
                   1                    0                    1

                Step           Sweep mode            Frequency
                0.01                    3                 1000

            AC level                Abort          After abort
                0.01                    0                    1

           Hold time           Delay time      Stop delay time
                   0                    0                    0

  RealMeasuredPoints
                 202

     Voltage   Resistance    Reactance      ACLevel    Frequency
5.1360e-03 1.6803e+04 -3.6257e+01 6.9701e-03 1.0000e+03
1.5008e-02 1.9924e+04 -3.2612e+01 6.9717e-03 1.0000e+03
2.4856e-02 2.3245e+04 -3.8683e+01 6.9747e-03 1.0000e+03
3.4856e-02 2.6679e+04 -4.6075e+01 6.9771e-03 1.0000e+03
4.4848e-02 2.9957e+04 -5.4100e+01 6.9782e-03 1.0000e+03
5.4728e-02 3.2893e+04 -7.3415e+01 6.9790e-03 1.0000e+03
6.4600e-02 3.5454e+04 -5.1807e+01 6.9801e-03 1.0000e+03
7.4440e-02 3.7510e+04 -7.0958e+01 6.9813e-03 1.0000e+03
8.4344e-02 3.9116e+04 -9.7538e+01 6.9816e-03 1.0000e+03
9.4288e-02 4.0274e+04 -7.8476e+01 6.9821e-03 1.0000e+03
1.0432e-01 4.1020e+04 -7.8422e+01 6.9816e-03 1.0000e+03
1.1426e-01 4.1515e+04 -9.2529e+01 6.9811e-03 1.0000e+03
1.2408e-01 4.1781e+04 -8.9108e+01 6.9819e-03 1.0000e+03
1.3418e-01 4.1882e+04 -7.8057e+01 6.9811e-03 1.0000e+03
1.4403e-01 4.1847e+04 -8.2953e+01 6.9816e-03 1.0000e+03
1.5394e-01 4.1732e+04 -1.0095e+02 6.9815e-03 1.0000e+03
1.6399e-01 4.1584e+04 -1.2447e+02 6.9808e-03 1.0000e+03
1.7396e-01 4.1357e+04 -5.8890e+01 6.9820e-03 1.0000e+03
1.8373e-01 4.1130e+04 -6.5645e+01 6.9816e-03 1.0000e+03
1.9397e-01 4.0860e+04 -7.9530e+01 6.9812e-03 1.0000e+03
2.0390e-01 4.0650e+04 -8.2785e+01 6.9796e-03 1.0000e+03
2.1377e-01 4.0403e+04 -7.1353e+01 6.9818e-03 1.0000e+03
2.2378e-01 4.0168e+04 -7.9796e+01 6.9814e-03 1.0000e+03
2.3368e-01 3.9935e+04 -5.6600e+01 6.9828e-03 1.0000e+03
2.4362e-01 3.9693e+04 -7.3376e+01 6.9813e-03 1.0000e+03
2.5476e-01 3.9427e+04 -6.6946e+01 6.9806e-03 1.0000e+03
2.6461e-01 3.9241e+04 -6.7671e+01 6.9803e-03 1.0000e+03
2.7450e-01 3.9031e+04 -6.3171e+01 6.9802e-03 1.0000e+03
2.8438e-01 3.8836e+04 -6.3235e+01 6.9805e-03 1.0000e+03
2.9444e-01 3.8626e+04 -7.6133e+01 6.9805e-03 1.0000e+03
3.0433e-01 3.8437e+04 -6.2739e+01 6.9805e-03 1.0000e+03
3.1421e-01 3.8234e+04 -5.0305e+01 6.9804e-03 1.0000e+03
3.2446e-01 3.8033e+04 -6.6195e+01 6.9805e-03 1.0000e+03
3.3440e-01 3.7875e+04 -6.7056e+01 6.9794e-03 1.0000e+03
3.4423e-01 3.7664e+04 -6.0354e+01 6.9803e-03 1.0000e+03
3.5434e-01 3.7526e+04 -5.5927e+01 6.9815e-03 1.0000e+03
3.6422e-01 3.7340e+04 -2.0619e+01 6.9803e-03 1.0000e+03
3.7414e-01 3.7204e+04 -3.3551e+01 6.9813e-03 1.0000e+03
3.8418e-01 3.7029e+04 -4.7162e+01 6.9806e-03 1.0000e+03
3.9415e-01 3.6829e+04 -4.9128e+01 6.9795e-03 1.0000e+03
4.0395e-01 3.6733e+04 -8.1796e+01 6.9804e-03 1.0000e+03
4.1401e-01 3.6550e+04 -6.2749e+01 6.9797e-03 1.0000e+03
4.2395e-01 3.6389e+04 -5.6578e+01 6.9800e-03 1.0000e+03
4.3386e-01 3.6257e+04 -5.1853e+01 6.9810e-03 1.0000e+03
4.4376e-01 3.6120e+04 -7.4844e+01 6.9812e-03 1.0000e+03
4.5388e-01 3.5970e+04 -5.1669e+01 6.9801e-03 1.0000e+03
4.6385e-01 3.5826e+04 -6.0566e+01 6.9798e-03 1.0000e+03
4.7377e-01 3.5690e+04 -5.9689e+01 6.9795e-03 1.0000e+03
4.8366e-01 3.5523e+04 -5.7834e+01 6.9798e-03 1.0000e+03
4.9362e-01 3.5419e+04 -5.4086e+01 6.9810e-03 1.0000e+03
5.0446e-01 3.5262e+04 -5.4500e+01 6.9800e-03 1.0000e+03
5.1462e-01 3.5147e+04 -7.7793e+01 6.9788e-03 1.0000e+03
5.2450e-01 3.5001e+04 -2.9831e+01 6.9798e-03 1.0000e+03
5.3443e-01 3.4874e+04 -5.9288e+01 6.9796e-03 1.0000e+03
5.4451e-01 3.4772e+04 -6.0955e+01 6.9802e-03 1.0000e+03
5.5445e-01 3.4647e+04 -4.8516e+01 6.9795e-03 1.0000e+03
5.6430e-01 3.4503e+04 -5.0464e+01 6.9788e-03 1.0000e+03
5.7436e-01 3.4393e+04 -5.6790e+01 6.9793e-03 1.0000e+03
5.8436e-01 3.4251e+04 -6.4738e+01 6.9792e-03 1.0000e+03
5.9407e-01 3.4151e+04 -3.5690e+01 6.9792e-03 1.0000e+03
6.0402e-01 3.4014e+04 -4.2164e+01 6.9799e-03 1.0000e+03
6.1421e-01 3.3904e+04 -7.4247e+01 6.9797e-03 1.0000e+03
6.2398e-01 3.3795e+04 -4.2954e+01 6.9794e-03 1.0000e+03
6.3376e-01 3.3685e+04 -6.0926e+01 6.9802e-03 1.0000e+03
6.4394e-01 3.3559e+04 -4.3872e+01 6.9796e-03 1.0000e+03
6.5378e-01 3.3479e+04 -7.4658e+01 6.9792e-03 1.0000e+03
6.6364e-01 3.3355e+04 -7.2726e+01 6.9797e-03 1.0000e+03
6.7385e-01 3.3244e+04 -6.0193e+01 6.9791e-03 1.0000e+03
6.8370e-01 3.3155e+04 -5.9961e+01 6.9789e-03 1.0000e+03
6.9357e-01 3.3040e+04 -6.5844e+01 6.9790e-03 1.0000e+03
7.0374e-01 3.2974e+04 -4.4707e+01 6.9802e-03 1.0000e+03
7.1370e-01 3.2831e+04 -7.0420e+01 6.9782e-03 1.0000e+03
7.2354e-01 3.2763e+04 -5.0364e+01 6.9785e-03 1.0000e+03
7.3354e-01 3.2682e+04 -5.5310e+01 6.9792e-03 1.0000e+03
7.4444e-01 3.2572e+04 -4.5544e+01 6.9791e-03 1.0000e+03
7.5438e-01 3.2476e+04 -4.9778e+01 6.9797e-03 1.0000e+03
7.6445e-01 3.2384e+04 -5.8858e+01 6.9790e-03 1.0000e+03
7.7438e-01 3.2280e+04 -6.0320e+01 6.9781e-03 1.0000e+03
7.8416e-01 3.2201e+04 -7.3475e+01 6.9788e-03 1.0000e+03
7.9413e-01 3.2105e+04 -6.1530e+01 6.9785e-03 1.0000e+03
8.0414e-01 3.2027e+04 -6.5991e+01 6.9796e-03 1.0000e+03
8.1403e-01 3.1916e+04 -3.6321e+01 6.9789e-03 1.0000e+03
8.2390e-01 3.1876e+04 -8.3473e+01 6.9789e-03 1.0000e+03
8.3418e-01 3.1767e+04 -4.4513e+01 6.9786e-03 1.0000e+03
8.4409e-01 3.1687e+04 -1.6457e+01 6.9794e-03 1.0000e+03
8.5398e-01 3.1623e+04 -5.8998e+01 6.9794e-03 1.0000e+03
8.6400e-01 3.1508e+04 -5.3303e+01 6.9793e-03 1.0000e+03
8.7375e-01 3.1446e+04 -5.0117e+01 6.9800e-03 1.0000e+03
8.8381e-01 3.1396e+04 -5.8909e+01 6.9783e-03 1.0000e+03
8.9394e-01 3.1292e+04 -4.9492e+01 6.9795e-03 1.0000e+03
9.0374e-01 3.1239e+04 -7.1873e+01 6.9785e-03 1.0000e+03
9.1366e-01 3.1171e+04 -7.1775e+01 6.9784e-03 1.0000e+03
9.2367e-01 3.1074e+04 -4.1059e+01 6.9780e-03 1.0000e+03
9.3353e-01 3.1001e+04 -4.6793e+01 6.9777e-03 1.0000e+03
9.4349e-01 3.0943e+04 -4.4757e+01 6.9786e-03 1.0000e+03
9.5344e-01 3.0852e+04 -7.1002e+01 6.9785e-03 1.0000e+03
9.6358e-01 3.0796e+04 -5.1860e+01 6.9768e-03 1.0000e+03
9.7342e-01 3.0719e+04 -4.2410e+01 6.9779e-03 1.0000e+03
9.8333e-01 3.0651e+04 -6.7485e+01 6.9773e-03 1.0000e+03
9.9438e-01 3.0601e+04 -5.5919e+01 6.9792e-03 1.0000e+03
1.0042e+00 3.0542e+04 -5.2949e+01 6.9774e-03 1.0000e+03
1.0043e+00 3.0545e+04 -5.2530e+01 6.9787e-03 1.0000e+03
9.9429e-01 3.0578e+04 -5.0075e+01 6.9780e-03 1.0000e+03
9.8335e-01 3.0673e+04 -4.0617e+01 6.9783e-03 1.0000e+03
9.7342e-01 3.0711e+04 -8.5167e+01 6.9768e-03 1.0000e+03
9.6358e-01 3.0819e+04 -4.1796e+01 6.9787e-03 1.0000e+03
9.5338e-01 3.0855e+04 -3.1310e+01 6.9775e-03 1.0000e+03
9.4341e-01 3.0931e+04 -6.1030e+01 6.9783e-03 1.0000e+03
9.3357e-01 3.1007e+04 -7.2330e+01 6.9780e-03 1.0000e+03
9.2364e-01 3.1043e+04 -5.8172e+01 6.9776e-03 1.0000e+03
9.1370e-01 3.1122e+04 -6.7315e+01 6.9796e-03 1.0000e+03
9.0390e-01 3.1170e+04 -5.3962e+01 6.9782e-03 1.0000e+03
8.9385e-01 3.1236e+04 -6.6334e+01 6.9773e-03 1.0000e+03
8.8379e-01 3.1338e+04 -4.9328e+01 6.9785e-03 1.0000e+03
8.7386e-01 3.1368e+04 -3.9469e+01 6.9783e-03 1.0000e+03
8.6405e-01 3.1503e+04 -4.3845e+01 6.9786e-03 1.0000e+03
8.5390e-01 3.1573e+04 -7.7193e+01 6.9788e-03 1.0000e+03
8.4405e-01 3.1647e+04 -6.1984e+01 6.9789e-03 1.0000e+03
8.3414e-01 3.1672e+04 -7.9024e+01 6.9770e-03 1.0000e+03
8.2392e-01 3.1770e+04 -7.5492e+01 6.9799e-03 1.0000e+03
8.1406e-01 3.1882e+04 -5.3616e+01 6.9797e-03 1.0000e+03
8.0421e-01 3.1903e+04 -6.3971e+01 6.9780e-03 1.0000e+03
7.9412e-01 3.2038e+04 -9.3654e+01 6.9793e-03 1.0000e+03
7.8420e-01 3.2058e+04 -7.3478e+01 6.9790e-03 1.0000e+03
7.7437e-01 3.2155e+04 -8.2749e+01 6.9781e-03 1.0000e+03
7.6442e-01 3.2241e+04 -4.8782e+01 6.9771e-03 1.0000e+03
7.5433e-01 3.2332e+04 -5.0177e+01 6.9801e-03 1.0000e+03
7.4441e-01 3.2411e+04 -4.9335e+01 6.9773e-03 1.0000e+03
7.3358e-01 3.2507e+04 -5.3372e+01 6.9791e-03 1.0000e+03
7.2349e-01 3.2619e+04 -7.8905e+01 6.9794e-03 1.0000e+03
7.1359e-01 3.2659e+04 -6.2634e+01 6.9779e-03 1.0000e+03
7.0374e-01 3.2760e+04 -6.2079e+01 6.9790e-03 1.0000e+03
6.9357e-01 3.2862e+04 -4.0519e+01 6.9794e-03 1.0000e+03
6.8369e-01 3.2944e+04 -4.2771e+01 6.9802e-03 1.0000e+03
6.7377e-01 3.3006e+04 -2.6228e+01 6.9790e-03 1.0000e+03
6.6376e-01 3.3112e+04 -2.6800e+01 6.9787e-03 1.0000e+03
6.5384e-01 3.3212e+04 -4.9721e+01 6.9798e-03 1.0000e+03
6.4403e-01 3.3336e+04 -5.4659e+01 6.9792e-03 1.0000e+03
6.3382e-01 3.3443e+04 -4.3264e+01 6.9788e-03 1.0000e+03
6.2386e-01 3.3511e+04 -6.3582e+01 6.9796e-03 1.0000e+03
6.1398e-01 3.3625e+04 -5.2190e+01 6.9782e-03 1.0000e+03
6.0396e-01 3.3725e+04 -5.0893e+01 6.9790e-03 1.0000e+03
5.9412e-01 3.3794e+04 -6.0411e+01 6.9780e-03 1.0000e+03
5.8422e-01 3.3908e+04 -4.2962e+01 6.9800e-03 1.0000e+03
5.7429e-01 3.4008e+04 -8.9393e+01 6.9789e-03 1.0000e+03
5.6411e-01 3.4135e+04 -8.1099e+01 6.9788e-03 1.0000e+03
5.5438e-01 3.4259e+04 -5.6020e+01 6.9796e-03 1.0000e+03
5.4444e-01 3.4357e+04 -6.9281e+01 6.9807e-03 1.0000e+03
5.3442e-01 3.4461e+04 -3.6525e+01 6.9790e-03 1.0000e+03
5.2453e-01 3.4598e+04 -7.8865e+01 6.9785e-03 1.0000e+03
5.1454e-01 3.4679e+04 -6.2070e+01 6.9794e-03 1.0000e+03
5.0452e-01 3.4802e+04 -2.8024e+01 6.9788e-03 1.0000e+03
4.9374e-01 3.4929e+04 -4.4173e+01 6.9805e-03 1.0000e+03
4.8385e-01 3.5061e+04 -3.7933e+01 6.9791e-03 1.0000e+03
4.7368e-01 3.5164e+04 -5.5413e+01 6.9794e-03 1.0000e+03
4.6375e-01 3.5293e+04 -5.3813e+01 6.9783e-03 1.0000e+03
4.5396e-01 3.5415e+04 -7.1006e+01 6.9798e-03 1.0000e+03
4.4372e-01 3.5534e+04 -5.9177e+01 6.9801e-03 1.0000e+03
4.3374e-01 3.5656e+04 -5.4644e+01 6.9808e-03 1.0000e+03
4.2396e-01 3.5784e+04 -6.8447e+01 6.9792e-03 1.0000e+03
4.1405e-01 3.5924e+04 -3.8562e+01 6.9796e-03 1.0000e+03
4.0394e-01 3.6074e+04 -4.1415e+01 6.9790e-03 1.0000e+03
3.9414e-01 3.6204e+04 -4.0663e+01 6.9807e-03 1.0000e+03
3.8418e-01 3.6336e+04 -6.6075e+01 6.9805e-03 1.0000e+03
3.7414e-01 3.6481e+04 -6.4352e+01 6.9804e-03 1.0000e+03
3.6422e-01 3.6628e+04 -6.6202e+01 6.9793e-03 1.0000e+03
3.5427e-01 3.6775e+04 -5.0845e+01 6.9801e-03 1.0000e+03
3.4424e-01 3.6933e+04 -6.0986e+01 6.9806e-03 1.0000e+03
3.3438e-01 3.7066e+04 -2.6332e+01 6.9808e-03 1.0000e+03
3.2445e-01 3.7211e+04 -6.6393e+01 6.9799e-03 1.0000e+03
3.1425e-01 3.7391e+04 -7.3043e+01 6.9800e-03 1.0000e+03
3.0439e-01 3.7600e+04 -8.7675e+01 6.9803e-03 1.0000e+03
2.9427e-01 3.7712e+04 -7.1130e+01 6.9803e-03 1.0000e+03
2.8441e-01 3.7929e+04 -7.6317e+01 6.9801e-03 1.0000e+03
2.7459e-01 3.8109e+04 -4.3851e+01 6.9801e-03 1.0000e+03
2.6470e-01 3.8314e+04 -6.8795e+01 6.9809e-03 1.0000e+03
2.5475e-01 3.8476e+04 -1.9604e+01 6.9802e-03 1.0000e+03
2.4358e-01 3.8740e+04 -9.1643e+01 6.9812e-03 1.0000e+03
2.3375e-01 3.8929e+04 -9.3568e+01 6.9809e-03 1.0000e+03
2.2381e-01 3.9162e+04 -8.5026e+01 6.9809e-03 1.0000e+03
2.1380e-01 3.9356e+04 -4.4406e+01 6.9806e-03 1.0000e+03
2.0396e-01 3.9591e+04 -6.8130e+01 6.9803e-03 1.0000e+03
1.9399e-01 3.9807e+04 -5.9750e+01 6.9799e-03 1.0000e+03
1.8374e-01 4.0079e+04 -1.0409e+02 6.9809e-03 1.0000e+03
1.7386e-01 4.0258e+04 -8.8275e+01 6.9807e-03 1.0000e+03
1.6397e-01 4.0435e+04 -1.0579e+02 6.9813e-03 1.0000e+03
1.5398e-01 4.0615e+04 -6.5218e+01 6.9818e-03 1.0000e+03
1.4410e-01 4.0703e+04 -8.7794e+01 6.9811e-03 1.0000e+03
1.3421e-01 4.0752e+04 -9.0285e+01 6.9801e-03 1.0000e+03
1.2405e-01 4.0712e+04 -8.7997e+01 6.9801e-03 1.0000e+03
1.1416e-01 4.0419e+04 -8.6340e+01 6.9815e-03 1.0000e+03
1.0432e-01 3.9984e+04 -1.0868e+02 6.9814e-03 1.0000e+03
9.4224e-02 3.9237e+04 -7.8693e+01 6.9812e-03 1.0000e+03
8.4272e-02 3.8139e+04 -9.5371e+01 6.9807e-03 1.0000e+03
7.4416e-02 3.6640e+04 -8.7946e+01 6.9811e-03 1.0000e+03
6.4584e-02 3.4649e+04 -5.8128e+01 6.9789e-03 1.0000e+03
5.4704e-02 3.2236e+04 -7.3797e+01 6.9801e-03 1.0000e+03
4.4864e-02 2.9399e+04 -6.2485e+01 6.9773e-03 1.0000e+03
3.4872e-02 2.6261e+04 -3.7835e+01 6.9762e-03 1.0000e+03
2.4856e-02 2.2925e+04 -4.5061e+01 6.9752e-03 1.0000e+03
1.5024e-02 1.9692e+04 -3.3465e+01 6.9728e-03 1.0000e+03
5.2160e-03 1.6622e+04 -3.3281e+01 6.9681e-03 1.0000e+03




