  Measurement Number     Measurement type
                   1                DC IV

      Measurement ID             SeriesID
       739662.677238                    0

         MeasureMode                Bias1                Bias2
                   2                   -1                    1

                Step  Positive compliance  Negative compliance
                0.01                  0.1                  0.1

  RealMeasuredPoints
                 404

        Bias        Current     Resistance
0.0000e+00   8.6415e-06   0.0000e+00
-1.0000e-02   8.4308e-06   -1.1861e+03
-2.0000e-02   8.2168e-06   -2.4340e+03
-3.0000e-02   7.9990e-06   -3.7505e+03
-4.0000e-02   7.7784e-06   -5.1424e+03
-5.0000e-02   7.5564e-06   -6.6169e+03
-6.0000e-02   7.3288e-06   -8.1869e+03
-7.0000e-02   7.0976e-06   -9.8625e+03
-8.0000e-02   6.8629e-06   -1.1657e+04
-9.0000e-02   6.6247e-06   -1.3586e+04
-1.0000e-01   6.3855e-06   -1.5661e+04
-1.1000e-01   6.1393e-06   -1.7917e+04
-1.2000e-01   5.8900e-06   -2.0374e+04
-1.3000e-01   5.6366e-06   -2.3063e+04
-1.4000e-01   5.3788e-06   -2.6028e+04
-1.5000e-01   5.1165e-06   -2.9317e+04
-1.6000e-01   4.8508e-06   -3.2985e+04
-1.7000e-01   4.5761e-06   -3.7149e+04
-1.8000e-01   4.2942e-06   -4.1917e+04
-1.9000e-01   4.0023e-06   -4.7472e+04
-2.0000e-01   3.6986e-06   -5.4074e+04
-2.1000e-01   3.3819e-06   -6.2095e+04
-2.2000e-01   3.0430e-06   -7.2297e+04
-2.3000e-01   2.6779e-06   -8.5888e+04
-2.4000e-01   2.2786e-06   -1.0533e+05
-2.5000e-01   1.8350e-06   -1.3624e+05
-2.6000e-01   1.3375e-06   -1.9439e+05
-2.7000e-01   7.6457e-07   -3.5314e+05
-2.8000e-01   9.4422e-08   -2.9654e+06
-2.9000e-01   -6.9528e-07   4.1710e+05
-3.0000e-01   -1.6315e-06   1.8388e+05
-3.1000e-01   -2.7412e-06   1.1309e+05
-3.2000e-01   -4.0723e-06   7.8580e+04
-3.3000e-01   -5.6489e-06   5.8418e+04
-3.4000e-01   -7.5036e-06   4.5312e+04
-3.5000e-01   -9.6579e-06   3.6240e+04
-3.6000e-01   -1.2107e-05   2.9736e+04
-3.7000e-01   -1.4924e-05   2.4792e+04
-3.8000e-01   -1.8087e-05   2.1009e+04
-3.9000e-01   -2.1591e-05   1.8063e+04
-4.0000e-01   -2.5403e-05   1.5746e+04
-4.1000e-01   -2.9565e-05   1.3868e+04
-4.2000e-01   -3.4036e-05   1.2340e+04
-4.3000e-01   -3.8804e-05   1.1081e+04
-4.4000e-01   -4.3814e-05   1.0042e+04
-4.5000e-01   -4.9108e-05   9.1634e+03
-4.6000e-01   -5.4646e-05   8.4179e+03
-4.7000e-01   -6.0400e-05   7.7815e+03
-4.8000e-01   -6.6320e-05   7.2377e+03
-4.9000e-01   -7.2473e-05   6.7611e+03
-5.0000e-01   -7.8806e-05   6.3447e+03
-5.1000e-01   -8.5289e-05   5.9797e+03
-5.2000e-01   -9.1876e-05   5.6598e+03
-5.3000e-01   -9.8652e-05   5.3724e+03
-5.4000e-01   -1.0555e-04   5.1162e+03
-5.5000e-01   -1.1257e-04   4.8860e+03
-5.6000e-01   -1.1977e-04   4.6757e+03
-5.7000e-01   -1.2693e-04   4.4905e+03
-5.8000e-01   -1.3425e-04   4.3205e+03
-5.9000e-01   -1.4165e-04   4.1651e+03
-6.0000e-01   -1.4912e-04   4.0236e+03
-6.1000e-01   -1.5661e-04   3.8950e+03
-6.2000e-01   -1.6423e-04   3.7753e+03
-6.3000e-01   -1.7191e-04   3.6648e+03
-6.4000e-01   -1.7964e-04   3.5628e+03
-6.5000e-01   -1.8742e-04   3.4681e+03
-6.6000e-01   -1.9520e-04   3.3812e+03
-6.7000e-01   -2.0308e-04   3.2991e+03
-6.8000e-01   -2.1101e-04   3.2226e+03
-6.9000e-01   -2.1898e-04   3.1509e+03
-7.0000e-01   -2.2699e-04   3.0839e+03
-7.1000e-01   -2.3503e-04   3.0209e+03
-7.2000e-01   -2.4311e-04   2.9616e+03
-7.3000e-01   -2.5116e-04   2.9065e+03
-7.4000e-01   -2.5931e-04   2.8537e+03
-7.5000e-01   -2.6749e-04   2.8038e+03
-7.6000e-01   -2.7570e-04   2.7567e+03
-7.7000e-01   -2.8392e-04   2.7121e+03
-7.8000e-01   -2.9218e-04   2.6696e+03
-7.9000e-01   -3.0041e-04   2.6297e+03
-8.0000e-01   -3.0874e-04   2.5912e+03
-8.1000e-01   -3.1708e-04   2.5545e+03
-8.2000e-01   -3.2546e-04   2.5195e+03
-8.3000e-01   -3.3385e-04   2.4862e+03
-8.4000e-01   -3.4227e-04   2.4542e+03
-8.5000e-01   -3.5065e-04   2.4240e+03
-8.6000e-01   -3.5913e-04   2.3947e+03
-8.7000e-01   -3.6761e-04   2.3666e+03
-8.8000e-01   -3.7613e-04   2.3396e+03
-8.9000e-01   -3.8467e-04   2.3137e+03
-9.0000e-01   -3.9324e-04   2.2887e+03
-9.1000e-01   -4.0176e-04   2.2651e+03
-9.2000e-01   -4.1037e-04   2.2419e+03
-9.3000e-01   -4.1900e-04   2.2196e+03
-9.4000e-01   -4.2766e-04   2.1980e+03
-9.5000e-01   -4.3634e-04   2.1772e+03
-9.6000e-01   -4.4497e-04   2.1574e+03
-9.7000e-01   -4.5369e-04   2.1380e+03
-9.8000e-01   -4.6243e-04   2.1192e+03
-9.9000e-01   -4.7120e-04   2.1010e+03
-1.0000e+00   -4.7998e-04   2.0834e+03
-1.0000e+00   -4.7996e-04   2.0835e+03
-9.9000e-01   -4.7115e-04   2.1012e+03
-9.8000e-01   -4.6236e-04   2.1196e+03
-9.7000e-01   -4.5360e-04   2.1384e+03
-9.6000e-01   -4.4485e-04   2.1580e+03
-9.5000e-01   -4.3620e-04   2.1779e+03
-9.4000e-01   -4.2751e-04   2.1988e+03
-9.3000e-01   -4.1882e-04   2.2205e+03
-9.2000e-01   -4.1018e-04   2.2429e+03
-9.1000e-01   -4.0155e-04   2.2662e+03
-9.0000e-01   -3.9301e-04   2.2900e+03
-8.9000e-01   -3.8442e-04   2.3152e+03
-8.8000e-01   -3.7586e-04   2.3413e+03
-8.7000e-01   -3.6733e-04   2.3684e+03
-8.6000e-01   -3.5882e-04   2.3967e+03
-8.5000e-01   -3.5033e-04   2.4263e+03
-8.4000e-01   -3.4194e-04   2.4565e+03
-8.3000e-01   -3.3351e-04   2.4887e+03
-8.2000e-01   -3.2510e-04   2.5223e+03
-8.1000e-01   -3.1671e-04   2.5575e+03
-8.0000e-01   -3.0836e-04   2.5944e+03
-7.9000e-01   -3.0003e-04   2.6331e+03
-7.8000e-01   -2.9179e-04   2.6731e+03
-7.7000e-01   -2.8351e-04   2.7159e+03
-7.6000e-01   -2.7529e-04   2.7608e+03
-7.5000e-01   -2.6706e-04   2.8083e+03
-7.4000e-01   -2.5888e-04   2.8585e+03
-7.3000e-01   -2.5073e-04   2.9116e+03
-7.2000e-01   -2.4266e-04   2.9671e+03
-7.1000e-01   -2.3458e-04   3.0267e+03
-7.0000e-01   -2.2652e-04   3.0902e+03
-6.9000e-01   -2.1851e-04   3.1577e+03
-6.8000e-01   -2.1053e-04   3.2299e+03
-6.7000e-01   -2.0260e-04   3.3070e+03
-6.6000e-01   -1.9471e-04   3.3897e+03
-6.5000e-01   -1.8693e-04   3.4773e+03
-6.4000e-01   -1.7914e-04   3.5726e+03
-6.3000e-01   -1.7141e-04   3.6755e+03
-6.2000e-01   -1.6372e-04   3.7869e+03
-6.1000e-01   -1.5611e-04   3.9075e+03
-6.0000e-01   -1.4861e-04   4.0374e+03
-5.9000e-01   -1.4113e-04   4.1805e+03
-5.8000e-01   -1.3373e-04   4.3371e+03
-5.7000e-01   -1.2642e-04   4.5088e+03
-5.6000e-01   -1.1924e-04   4.6965e+03
-5.5000e-01   -1.1212e-04   4.9053e+03
-5.4000e-01   -1.0510e-04   5.1379e+03
-5.3000e-01   -9.8116e-05   5.4018e+03
-5.2000e-01   -9.1342e-05   5.6929e+03
-5.1000e-01   -8.4752e-05   6.0176e+03
-5.0000e-01   -7.8259e-05   6.3890e+03
-4.9000e-01   -7.1930e-05   6.8122e+03
-4.8000e-01   -6.5783e-05   7.2967e+03
-4.7000e-01   -5.9863e-05   7.8513e+03
-4.6000e-01   -5.4116e-05   8.5003e+03
-4.5000e-01   -4.8581e-05   9.2629e+03
-4.4000e-01   -4.3294e-05   1.0163e+04
-4.3000e-01   -3.8300e-05   1.1227e+04
-4.2000e-01   -3.3545e-05   1.2520e+04
-4.1000e-01   -2.9089e-05   1.4095e+04
-4.0000e-01   -2.4946e-05   1.6035e+04
-3.9000e-01   -2.1160e-05   1.8431e+04
-3.8000e-01   -1.7684e-05   2.1488e+04
-3.7000e-01   -1.4561e-05   2.5411e+04
-3.6000e-01   -1.1773e-05   3.0578e+04
-3.5000e-01   -9.3487e-06   3.7439e+04
-3.4000e-01   -7.2306e-06   4.7022e+04
-3.3000e-01   -5.4090e-06   6.1009e+04
-3.2000e-01   -3.8663e-06   8.2767e+04
-3.1000e-01   -2.5640e-06   1.2091e+05
-3.0000e-01   -1.4787e-06   2.0288e+05
-2.9000e-01   -5.5823e-07   5.1950e+05
-2.8000e-01   2.1812e-07   -1.2837e+06
-2.7000e-01   8.7931e-07   -3.0706e+05
-2.6000e-01   1.4465e-06   -1.7975e+05
-2.5000e-01   1.9421e-06   -1.2872e+05
-2.4000e-01   2.3872e-06   -1.0053e+05
-2.3000e-01   2.7897e-06   -8.2447e+04
-2.2000e-01   3.1597e-06   -6.9626e+04
-2.1000e-01   3.5049e-06   -5.9916e+04
-2.0000e-01   3.8285e-06   -5.2240e+04
-1.9000e-01   4.1396e-06   -4.5899e+04
-1.8000e-01   4.4391e-06   -4.0549e+04
-1.7000e-01   4.7293e-06   -3.5946e+04
-1.6000e-01   5.0112e-06   -3.1928e+04
-1.5000e-01   5.2839e-06   -2.8388e+04
-1.4000e-01   5.5539e-06   -2.5207e+04
-1.3000e-01   5.8185e-06   -2.2342e+04
-1.2000e-01   6.0788e-06   -1.9741e+04
-1.1000e-01   6.3340e-06   -1.7367e+04
-1.0000e-01   6.5857e-06   -1.5184e+04
-9.0000e-02   6.8308e-06   -1.3176e+04
-8.0000e-02   7.0738e-06   -1.1309e+04
-7.0000e-02   7.3128e-06   -9.5722e+03
-6.0000e-02   7.5483e-06   -7.9488e+03
-5.0000e-02   7.7792e-06   -6.4274e+03
-4.0000e-02   8.0047e-06   -4.9971e+03
-3.0000e-02   8.2285e-06   -3.6459e+03
-2.0000e-02   8.4483e-06   -2.3673e+03
-1.0000e-02   8.6645e-06   -1.1541e+03
0.0000e+00   8.8769e-06   0.0000e+00
0.0000e+00   8.8362e-06   0.0000e+00
1.0000e-02   9.0437e-06   1.1057e+03
2.0000e-02   9.2494e-06   2.1623e+03
3.0000e-02   9.4511e-06   3.1742e+03
4.0000e-02   9.6493e-06   4.1454e+03
5.0000e-02   9.8427e-06   5.0799e+03
6.0000e-02   1.0034e-05   5.9796e+03
7.0000e-02   1.0222e-05   6.8482e+03
8.0000e-02   1.0405e-05   7.6889e+03
9.0000e-02   1.0586e-05   8.5018e+03
1.0000e-01   1.0764e-05   9.2906e+03
1.1000e-01   1.0938e-05   1.0056e+04
1.2000e-01   1.1109e-05   1.0802e+04
1.3000e-01   1.1277e-05   1.1527e+04
1.4000e-01   1.1443e-05   1.2234e+04
1.5000e-01   1.1604e-05   1.2927e+04
1.6000e-01   1.1762e-05   1.3603e+04
1.7000e-01   1.1919e-05   1.4262e+04
1.8000e-01   1.2074e-05   1.4908e+04
1.9000e-01   1.2226e-05   1.5541e+04
2.0000e-01   1.2374e-05   1.6163e+04
2.1000e-01   1.2519e-05   1.6774e+04
2.2000e-01   1.2664e-05   1.7373e+04
2.3000e-01   1.2805e-05   1.7962e+04
2.4000e-01   1.2943e-05   1.8544e+04
2.5000e-01   1.3079e-05   1.9115e+04
2.6000e-01   1.3213e-05   1.9678e+04
2.7000e-01   1.3343e-05   2.0236e+04
2.8000e-01   1.3473e-05   2.0783e+04
2.9000e-01   1.3600e-05   2.1324e+04
3.0000e-01   1.3725e-05   2.1859e+04
3.1000e-01   1.3847e-05   2.2388e+04
3.2000e-01   1.3967e-05   2.2911e+04
3.3000e-01   1.4085e-05   2.3429e+04
3.4000e-01   1.4202e-05   2.3941e+04
3.5000e-01   1.4315e-05   2.4449e+04
3.6000e-01   1.4428e-05   2.4952e+04
3.7000e-01   1.4538e-05   2.5450e+04
3.8000e-01   1.4646e-05   2.5946e+04
3.9000e-01   1.4753e-05   2.6436e+04
4.0000e-01   1.4859e-05   2.6920e+04
4.1000e-01   1.4961e-05   2.7405e+04
4.2000e-01   1.5061e-05   2.7886e+04
4.3000e-01   1.5161e-05   2.8362e+04
4.4000e-01   1.5259e-05   2.8835e+04
4.5000e-01   1.5355e-05   2.9307e+04
4.6000e-01   1.5449e-05   2.9775e+04
4.7000e-01   1.5541e-05   3.0242e+04
4.8000e-01   1.5633e-05   3.0705e+04
4.9000e-01   1.5722e-05   3.1166e+04
5.0000e-01   1.5810e-05   3.1625e+04
5.1000e-01   1.5897e-05   3.2081e+04
5.2000e-01   1.5982e-05   3.2536e+04
5.3000e-01   1.6066e-05   3.2989e+04
5.4000e-01   1.6149e-05   3.3439e+04
5.5000e-01   1.6230e-05   3.3888e+04
5.6000e-01   1.6310e-05   3.4336e+04
5.7000e-01   1.6388e-05   3.4781e+04
5.8000e-01   1.6465e-05   3.5227e+04
5.9000e-01   1.6541e-05   3.5669e+04
6.0000e-01   1.6616e-05   3.6110e+04
6.1000e-01   1.6689e-05   3.6551e+04
6.2000e-01   1.6761e-05   3.6991e+04
6.3000e-01   1.6833e-05   3.7427e+04
6.4000e-01   1.6903e-05   3.7863e+04
6.5000e-01   1.6972e-05   3.8299e+04
6.6000e-01   1.7038e-05   3.8737e+04
6.7000e-01   1.7105e-05   3.9170e+04
6.8000e-01   1.7171e-05   3.9602e+04
6.9000e-01   1.7235e-05   4.0035e+04
7.0000e-01   1.7298e-05   4.0467e+04
7.1000e-01   1.7361e-05   4.0897e+04
7.2000e-01   1.7422e-05   4.1326e+04
7.3000e-01   1.7483e-05   4.1756e+04
7.4000e-01   1.7543e-05   4.2182e+04
7.5000e-01   1.7602e-05   4.2609e+04
7.6000e-01   1.7659e-05   4.3037e+04
7.7000e-01   1.7717e-05   4.3462e+04
7.8000e-01   1.7773e-05   4.3888e+04
7.9000e-01   1.7828e-05   4.4312e+04
8.0000e-01   1.7883e-05   4.4734e+04
8.1000e-01   1.7937e-05   4.5159e+04
8.2000e-01   1.7989e-05   4.5584e+04
8.3000e-01   1.8041e-05   4.6006e+04
8.4000e-01   1.8092e-05   4.6429e+04
8.5000e-01   1.8142e-05   4.6852e+04
8.6000e-01   1.8193e-05   4.7271e+04
8.7000e-01   1.8242e-05   4.7691e+04
8.8000e-01   1.8291e-05   4.8111e+04
8.9000e-01   1.8338e-05   4.8533e+04
9.0000e-01   1.8386e-05   4.8952e+04
9.1000e-01   1.8432e-05   4.9372e+04
9.2000e-01   1.8478e-05   4.9790e+04
9.3000e-01   1.8523e-05   5.0208e+04
9.4000e-01   1.8567e-05   5.0627e+04
9.5000e-01   1.8610e-05   5.1048e+04
9.6000e-01   1.8654e-05   5.1464e+04
9.7000e-01   1.8697e-05   5.1881e+04
9.8000e-01   1.8739e-05   5.2299e+04
9.9000e-01   1.8780e-05   5.2715e+04
1.0000e+00   1.8821e-05   5.3131e+04
1.0000e+00   1.8819e-05   5.3137e+04
9.9000e-01   1.8774e-05   5.2731e+04
9.8000e-01   1.8729e-05   5.2327e+04
9.7000e-01   1.8682e-05   5.1920e+04
9.6000e-01   1.8635e-05   5.1515e+04
9.5000e-01   1.8588e-05   5.1109e+04
9.4000e-01   1.8540e-05   5.0701e+04
9.3000e-01   1.8492e-05   5.0293e+04
9.2000e-01   1.8442e-05   4.9885e+04
9.1000e-01   1.8393e-05   4.9475e+04
9.0000e-01   1.8342e-05   4.9067e+04
8.9000e-01   1.8292e-05   4.8656e+04
8.8000e-01   1.8240e-05   4.8245e+04
8.7000e-01   1.8189e-05   4.7832e+04
8.6000e-01   1.8136e-05   4.7421e+04
8.5000e-01   1.8082e-05   4.7008e+04
8.4000e-01   1.8029e-05   4.6592e+04
8.3000e-01   1.7973e-05   4.6180e+04
8.2000e-01   1.7918e-05   4.5765e+04
8.1000e-01   1.7862e-05   4.5348e+04
8.0000e-01   1.7804e-05   4.4933e+04
7.9000e-01   1.7747e-05   4.4515e+04
7.8000e-01   1.7688e-05   4.4097e+04
7.7000e-01   1.7629e-05   4.3677e+04
7.6000e-01   1.7569e-05   4.3257e+04
7.5000e-01   1.7508e-05   4.2837e+04
7.4000e-01   1.7446e-05   4.2417e+04
7.3000e-01   1.7384e-05   4.1994e+04
7.2000e-01   1.7319e-05   4.1572e+04
7.1000e-01   1.7256e-05   4.1146e+04
7.0000e-01   1.7190e-05   4.0723e+04
6.9000e-01   1.7124e-05   4.0295e+04
6.8000e-01   1.7056e-05   3.9869e+04
6.7000e-01   1.6988e-05   3.9440e+04
6.6000e-01   1.6919e-05   3.9010e+04
6.5000e-01   1.6849e-05   3.8578e+04
6.4000e-01   1.6777e-05   3.8147e+04
6.3000e-01   1.6705e-05   3.7714e+04
6.2000e-01   1.6632e-05   3.7278e+04
6.1000e-01   1.6557e-05   3.6843e+04
6.0000e-01   1.6481e-05   3.6406e+04
5.9000e-01   1.6404e-05   3.5966e+04
5.8000e-01   1.6326e-05   3.5526e+04
5.7000e-01   1.6247e-05   3.5083e+04
5.6000e-01   1.6167e-05   3.4640e+04
5.5000e-01   1.6085e-05   3.4193e+04
5.4000e-01   1.6002e-05   3.3745e+04
5.3000e-01   1.5918e-05   3.3297e+04
5.2000e-01   1.5831e-05   3.2846e+04
5.1000e-01   1.5745e-05   3.2391e+04
5.0000e-01   1.5656e-05   3.1936e+04
4.9000e-01   1.5566e-05   3.1478e+04
4.8000e-01   1.5474e-05   3.1019e+04
4.7000e-01   1.5382e-05   3.0556e+04
4.6000e-01   1.5289e-05   3.0088e+04
4.5000e-01   1.5192e-05   2.9621e+04
4.4000e-01   1.5095e-05   2.9148e+04
4.3000e-01   1.4996e-05   2.8675e+04
4.2000e-01   1.4894e-05   2.8199e+04
4.1000e-01   1.4793e-05   2.7715e+04
4.0000e-01   1.4689e-05   2.7232e+04
3.9000e-01   1.4583e-05   2.6743e+04
3.8000e-01   1.4475e-05   2.6252e+04
3.7000e-01   1.4366e-05   2.5756e+04
3.6000e-01   1.4255e-05   2.5255e+04
3.5000e-01   1.4143e-05   2.4748e+04
3.4000e-01   1.4027e-05   2.4239e+04
3.3000e-01   1.3910e-05   2.3724e+04
3.2000e-01   1.3791e-05   2.3204e+04
3.1000e-01   1.3669e-05   2.2678e+04
3.0000e-01   1.3547e-05   2.2144e+04
2.9000e-01   1.3422e-05   2.1607e+04
2.8000e-01   1.3294e-05   2.1062e+04
2.7000e-01   1.3164e-05   2.0510e+04
2.6000e-01   1.3033e-05   1.9949e+04
2.5000e-01   1.2899e-05   1.9381e+04
2.4000e-01   1.2762e-05   1.8805e+04
2.3000e-01   1.2625e-05   1.8219e+04
2.2000e-01   1.2483e-05   1.7624e+04
2.1000e-01   1.2338e-05   1.7020e+04
2.0000e-01   1.2192e-05   1.6404e+04
1.9000e-01   1.2044e-05   1.5775e+04
1.8000e-01   1.1893e-05   1.5135e+04
1.7000e-01   1.1739e-05   1.4482e+04
1.6000e-01   1.1582e-05   1.3815e+04
1.5000e-01   1.1423e-05   1.3131e+04
1.4000e-01   1.1261e-05   1.2433e+04
1.3000e-01   1.1096e-05   1.1716e+04
1.2000e-01   1.0928e-05   1.0981e+04
1.1000e-01   1.0758e-05   1.0225e+04
1.0000e-01   1.0584e-05   9.4482e+03
9.0000e-02   1.0407e-05   8.6479e+03
8.0000e-02   1.0227e-05   7.8225e+03
7.0000e-02   1.0045e-05   6.9688e+03
6.0000e-02   9.8566e-06   6.0873e+03
5.0000e-02   9.6669e-06   5.1723e+03
4.0000e-02   9.4751e-06   4.2216e+03
3.0000e-02   9.2785e-06   3.2333e+03
2.0000e-02   9.0786e-06   2.2030e+03
1.0000e-02   8.8758e-06   1.1267e+03
0.0000e+00   8.6708e-06   0.0000e+00
