  Measurement Number     Measurement type
                   2           CVSweepNew

      Measurement ID             SeriesID
       739662.678482                    0

         MeasureMode                Start                 Stop
                   1                    0                    1

                Step           Sweep mode            Frequency
                0.01                    3               100000

            AC level                Abort          After abort
                0.01                    0                    1

           Hold time           Delay time      Stop delay time
                   0                    0                    0

  RealMeasuredPoints
                 202

     Voltage   Resistance    Reactance      ACLevel    Frequency
3.9120e-03 4.7795e+04 -9.5996e+02 6.9622e-03 1.0000e+05
1.4024e-02 4.8558e+04 -8.8696e+02 6.9616e-03 1.0000e+05
2.4080e-02 4.8994e+04 -6.6867e+02 6.9614e-03 1.0000e+05
3.4176e-02 5.0131e+04 -9.0202e+02 6.9604e-03 1.0000e+05
4.3968e-02 5.1061e+04 -8.9525e+02 6.9620e-03 1.0000e+05
5.4064e-02 5.1865e+04 -1.0690e+03 6.9620e-03 1.0000e+05
6.3920e-02 5.2301e+04 -1.0794e+03 6.9618e-03 1.0000e+05
7.3952e-02 5.3419e+04 -1.4016e+03 6.9636e-03 1.0000e+05
8.3704e-02 5.4322e+04 -1.5062e+03 6.9638e-03 1.0000e+05
9.3712e-02 5.5672e+04 -1.8074e+03 6.9611e-03 1.0000e+05
1.0363e-01 5.6306e+04 -2.2667e+03 6.9621e-03 1.0000e+05
1.1382e-01 5.8424e+04 -2.0105e+03 6.9628e-03 1.0000e+05
1.2330e-01 5.8692e+04 -2.0738e+03 6.9620e-03 1.0000e+05
1.3367e-01 5.9332e+04 -2.2249e+03 6.9633e-03 1.0000e+05
1.4349e-01 6.0133e+04 -1.6567e+03 6.9644e-03 1.0000e+05
1.5361e-01 6.1254e+04 -2.5866e+03 6.9640e-03 1.0000e+05
1.6338e-01 6.2224e+04 -2.2984e+03 6.9639e-03 1.0000e+05
1.7364e-01 6.3380e+04 -3.1035e+03 6.9630e-03 1.0000e+05
1.8319e-01 6.4717e+04 -2.9733e+03 6.9642e-03 1.0000e+05
1.9359e-01 6.6174e+04 -2.4536e+03 6.9635e-03 1.0000e+05
2.0337e-01 6.7199e+04 -3.4063e+03 6.9627e-03 1.0000e+05
2.1327e-01 6.8700e+04 -2.8634e+03 6.9635e-03 1.0000e+05
2.2350e-01 6.9865e+04 -2.9459e+03 6.9649e-03 1.0000e+05
2.3326e-01 7.0941e+04 -3.8155e+03 6.9636e-03 1.0000e+05
2.4317e-01 7.1940e+04 -3.7874e+03 6.9631e-03 1.0000e+05
2.5417e-01 7.3337e+04 -3.9473e+03 6.9636e-03 1.0000e+05
2.6424e-01 7.4643e+04 -4.5170e+03 6.9649e-03 1.0000e+05
2.7378e-01 7.6762e+04 -3.5470e+03 6.9642e-03 1.0000e+05
2.8406e-01 7.7664e+04 -4.5133e+03 6.9632e-03 1.0000e+05
2.9380e-01 7.8079e+04 -3.5957e+03 6.9648e-03 1.0000e+05
3.0398e-01 7.9923e+04 -4.3296e+03 6.9661e-03 1.0000e+05
3.1366e-01 8.0367e+04 -4.6112e+03 6.9645e-03 1.0000e+05
3.2436e-01 8.2734e+04 -4.2602e+03 6.9642e-03 1.0000e+05
3.3402e-01 8.4372e+04 -6.1811e+03 6.9668e-03 1.0000e+05
3.4405e-01 8.5224e+04 -5.1272e+03 6.9653e-03 1.0000e+05
3.5372e-01 8.8050e+04 -5.0974e+03 6.9650e-03 1.0000e+05
3.6395e-01 8.8706e+04 -6.6246e+03 6.9656e-03 1.0000e+05
3.7366e-01 8.9483e+04 -5.8313e+03 6.9658e-03 1.0000e+05
3.8390e-01 9.2640e+04 -4.8562e+03 6.9656e-03 1.0000e+05
3.9376e-01 9.2177e+04 -6.0171e+03 6.9658e-03 1.0000e+05
4.0364e-01 9.2983e+04 -5.1383e+03 6.9639e-03 1.0000e+05
4.1370e-01 9.6566e+04 -6.7437e+03 6.9636e-03 1.0000e+05
4.2446e-01 9.9007e+04 -5.8598e+03 6.9656e-03 1.0000e+05
4.3445e-01 1.0041e+05 -6.3102e+03 6.9649e-03 1.0000e+05
4.4425e-01 1.0154e+05 -9.2101e+03 6.9658e-03 1.0000e+05
4.5454e-01 1.0307e+05 -8.0365e+03 6.9649e-03 1.0000e+05
4.6454e-01 1.0447e+05 -7.8329e+03 6.9648e-03 1.0000e+05
4.7418e-01 1.0805e+05 -9.0882e+03 6.9663e-03 1.0000e+05
4.8447e-01 1.0881e+05 -8.3755e+03 6.9659e-03 1.0000e+05
4.9440e-01 1.1184e+05 -9.2950e+03 6.9650e-03 1.0000e+05
5.0546e-01 1.1311e+05 -9.3757e+03 6.9669e-03 1.0000e+05
5.1519e-01 1.1557e+05 -8.4748e+03 6.9657e-03 1.0000e+05
5.2534e-01 1.1731e+05 -9.0871e+03 6.9660e-03 1.0000e+05
5.3506e-01 1.1878e+05 -9.3186e+03 6.9656e-03 1.0000e+05
5.4534e-01 1.1749e+05 -1.0287e+04 6.9660e-03 1.0000e+05
5.5494e-01 1.2296e+05 -1.0195e+04 6.9660e-03 1.0000e+05
5.6531e-01 1.2376e+05 -1.2275e+04 6.9664e-03 1.0000e+05
5.7502e-01 1.2639e+05 -1.1297e+04 6.9665e-03 1.0000e+05
5.8516e-01 1.2628e+05 -1.1917e+04 6.9668e-03 1.0000e+05
5.9481e-01 1.2815e+05 -1.2166e+04 6.9656e-03 1.0000e+05
6.0480e-01 1.3364e+05 -1.0867e+04 6.9661e-03 1.0000e+05
6.1493e-01 1.3615e+05 -1.3565e+04 6.9660e-03 1.0000e+05
6.2490e-01 1.3909e+05 -1.4099e+04 6.9665e-03 1.0000e+05
6.3479e-01 1.4066e+05 -1.3746e+04 6.9670e-03 1.0000e+05
6.4494e-01 1.4151e+05 -1.1206e+04 6.9673e-03 1.0000e+05
6.5462e-01 1.4094e+05 -1.1065e+04 6.9665e-03 1.0000e+05
6.6472e-01 1.4522e+05 -8.9318e+03 6.9680e-03 1.0000e+05
6.7480e-01 1.4439e+05 -1.3621e+04 6.9665e-03 1.0000e+05
6.8466e-01 1.5079e+05 -1.6397e+04 6.9667e-03 1.0000e+05
6.9465e-01 1.4976e+05 -1.5292e+04 6.9666e-03 1.0000e+05
7.0451e-01 1.5510e+05 -1.6248e+04 6.9664e-03 1.0000e+05
7.1482e-01 1.5529e+05 -1.9296e+04 6.9672e-03 1.0000e+05
7.2435e-01 1.5939e+05 -1.6426e+04 6.9644e-03 1.0000e+05
7.3470e-01 1.5935e+05 -2.1283e+04 6.9653e-03 1.0000e+05
7.4526e-01 1.6666e+05 -1.8444e+04 6.9674e-03 1.0000e+05
7.5558e-01 1.6741e+05 -1.6783e+04 6.9658e-03 1.0000e+05
7.6533e-01 1.6557e+05 -2.0873e+04 6.9673e-03 1.0000e+05
7.7554e-01 1.7079e+05 -2.1684e+04 6.9664e-03 1.0000e+05
7.8498e-01 1.7239e+05 -1.5546e+04 6.9676e-03 1.0000e+05
7.9527e-01 1.8020e+05 -1.9050e+04 6.9674e-03 1.0000e+05
8.0519e-01 1.8258e+05 -1.7824e+04 6.9673e-03 1.0000e+05
8.1527e-01 1.8237e+05 -1.8061e+04 6.9670e-03 1.0000e+05
8.2508e-01 1.8379e+05 -2.0714e+04 6.9686e-03 1.0000e+05
8.3522e-01 1.8484e+05 -2.0179e+04 6.9682e-03 1.0000e+05
8.4522e-01 1.8596e+05 -2.1468e+04 6.9665e-03 1.0000e+05
8.5506e-01 1.8879e+05 -2.2472e+04 6.9693e-03 1.0000e+05
8.6525e-01 1.9000e+05 -2.2149e+04 6.9665e-03 1.0000e+05
8.7496e-01 1.9439e+05 -2.1848e+04 6.9664e-03 1.0000e+05
8.8508e-01 2.0090e+05 -1.9906e+04 6.9683e-03 1.0000e+05
8.9499e-01 2.0402e+05 -2.1649e+04 6.9673e-03 1.0000e+05
9.0503e-01 2.0801e+05 -2.5864e+04 6.9664e-03 1.0000e+05
9.1480e-01 2.1480e+05 -2.8368e+04 6.9678e-03 1.0000e+05
9.2526e-01 2.1090e+05 -3.0275e+04 6.9657e-03 1.0000e+05
9.3481e-01 2.1535e+05 -2.6412e+04 6.9664e-03 1.0000e+05
9.4481e-01 2.2414e+05 -3.6138e+04 6.9687e-03 1.0000e+05
9.5476e-01 2.1742e+05 -3.2489e+04 6.9675e-03 1.0000e+05
9.6509e-01 2.2005e+05 -2.6332e+04 6.9683e-03 1.0000e+05
9.7462e-01 2.2543e+05 -2.5417e+04 6.9672e-03 1.0000e+05
9.8478e-01 2.2940e+05 -3.0694e+04 6.9672e-03 1.0000e+05
9.9583e-01 2.3570e+05 -2.0902e+04 6.9675e-03 1.0000e+05
1.0055e+00 2.2472e+05 -3.2204e+04 6.9694e-03 1.0000e+05
1.0059e+00 2.3825e+05 -2.1201e+04 6.9665e-03 1.0000e+05
9.9562e-01 2.3601e+05 -1.9072e+04 6.9673e-03 1.0000e+05
9.8474e-01 2.3062e+05 -3.4428e+04 6.9678e-03 1.0000e+05
9.7467e-01 2.2787e+05 -2.3749e+04 6.9681e-03 1.0000e+05
9.6506e-01 2.1694e+05 -2.1612e+04 6.9676e-03 1.0000e+05
9.5458e-01 2.1501e+05 -3.2945e+04 6.9686e-03 1.0000e+05
9.4506e-01 2.1452e+05 -2.7826e+04 6.9687e-03 1.0000e+05
9.3473e-01 2.0803e+05 -2.7842e+04 6.9677e-03 1.0000e+05
9.2500e-01 2.0747e+05 -2.2763e+04 6.9691e-03 1.0000e+05
9.1494e-01 2.0646e+05 -2.3456e+04 6.9682e-03 1.0000e+05
9.0482e-01 2.0379e+05 -1.9949e+04 6.9671e-03 1.0000e+05
8.9499e-01 2.0129e+05 -2.8196e+04 6.9677e-03 1.0000e+05
8.8501e-01 2.0023e+05 -2.7809e+04 6.9674e-03 1.0000e+05
8.7499e-01 1.9933e+05 -2.5297e+04 6.9674e-03 1.0000e+05
8.6520e-01 2.0303e+05 -2.6685e+04 6.9681e-03 1.0000e+05
8.5526e-01 1.9221e+05 -1.7031e+04 6.9667e-03 1.0000e+05
8.4528e-01 1.9008e+05 -2.3766e+04 6.9673e-03 1.0000e+05
8.3541e-01 1.8861e+05 -2.6854e+04 6.9685e-03 1.0000e+05
8.2487e-01 1.8905e+05 -2.4182e+04 6.9666e-03 1.0000e+05
8.1522e-01 1.8194e+05 -1.9094e+04 6.9667e-03 1.0000e+05
8.0511e-01 1.8208e+05 -2.4306e+04 6.9677e-03 1.0000e+05
7.9521e-01 1.8094e+05 -2.2249e+04 6.9683e-03 1.0000e+05
7.8522e-01 1.7341e+05 -1.8532e+04 6.9672e-03 1.0000e+05
7.7542e-01 1.6685e+05 -2.0346e+04 6.9660e-03 1.0000e+05
7.6558e-01 1.7077e+05 -1.5606e+04 6.9676e-03 1.0000e+05
7.5539e-01 1.6976e+05 -1.1892e+04 6.9661e-03 1.0000e+05
7.4525e-01 1.6449e+05 -1.7769e+04 6.9675e-03 1.0000e+05
7.3470e-01 1.6301e+05 -1.4256e+04 6.9674e-03 1.0000e+05
7.2460e-01 1.6303e+05 -1.4492e+04 6.9669e-03 1.0000e+05
7.1482e-01 1.5754e+05 -1.4055e+04 6.9667e-03 1.0000e+05
7.0478e-01 1.5391e+05 -1.7136e+04 6.9685e-03 1.0000e+05
6.9454e-01 1.5394e+05 -1.0504e+04 6.9671e-03 1.0000e+05
6.8473e-01 1.4899e+05 -1.3844e+04 6.9676e-03 1.0000e+05
6.7467e-01 1.4498e+05 -1.2043e+04 6.9673e-03 1.0000e+05
6.6474e-01 1.4527e+05 -1.2491e+04 6.9658e-03 1.0000e+05
6.5472e-01 1.4146e+05 -1.5584e+04 6.9678e-03 1.0000e+05
6.4498e-01 1.3961e+05 -1.3423e+04 6.9668e-03 1.0000e+05
6.3464e-01 1.3575e+05 -1.4817e+04 6.9663e-03 1.0000e+05
6.2472e-01 1.3745e+05 -1.1626e+04 6.9674e-03 1.0000e+05
6.1481e-01 1.3650e+05 -1.0224e+04 6.9663e-03 1.0000e+05
6.0519e-01 1.3392e+05 -1.2179e+04 6.9663e-03 1.0000e+05
5.9479e-01 1.2953e+05 -1.2556e+04 6.9644e-03 1.0000e+05
5.8512e-01 1.2944e+05 -1.2834e+04 6.9660e-03 1.0000e+05
5.7501e-01 1.2539e+05 -1.1398e+04 6.9657e-03 1.0000e+05
5.6520e-01 1.2357e+05 -1.0763e+04 6.9673e-03 1.0000e+05
5.5507e-01 1.2199e+05 -9.1560e+03 6.9670e-03 1.0000e+05
5.4528e-01 1.1980e+05 -1.1293e+04 6.9657e-03 1.0000e+05
5.3518e-01 1.1891e+05 -1.0758e+04 6.9669e-03 1.0000e+05
5.2535e-01 1.1533e+05 -1.0980e+04 6.9669e-03 1.0000e+05
5.1530e-01 1.1300e+05 -1.0119e+04 6.9661e-03 1.0000e+05
5.0525e-01 1.1324e+05 -1.0572e+04 6.9653e-03 1.0000e+05
4.9426e-01 1.1038e+05 -9.0412e+03 6.9653e-03 1.0000e+05
4.8465e-01 1.0739e+05 -8.6333e+03 6.9661e-03 1.0000e+05
4.7447e-01 1.0792e+05 -8.0740e+03 6.9657e-03 1.0000e+05
4.6441e-01 1.0427e+05 -8.9145e+03 6.9652e-03 1.0000e+05
4.5471e-01 1.0448e+05 -8.0312e+03 6.9658e-03 1.0000e+05
4.4446e-01 1.0190e+05 -6.3253e+03 6.9659e-03 1.0000e+05
4.3450e-01 1.0009e+05 -6.7748e+03 6.9662e-03 1.0000e+05
4.2399e-01 9.9009e+04 -7.1192e+03 6.9646e-03 1.0000e+05
4.1400e-01 9.7577e+04 -6.2134e+03 6.9651e-03 1.0000e+05
4.0343e-01 9.5246e+04 -5.5057e+03 6.9661e-03 1.0000e+05
3.9386e-01 9.4125e+04 -6.1186e+03 6.9655e-03 1.0000e+05
3.8382e-01 9.2585e+04 -6.2732e+03 6.9660e-03 1.0000e+05
3.7384e-01 9.1049e+04 -5.7441e+03 6.9661e-03 1.0000e+05
3.6387e-01 8.9935e+04 -4.1950e+03 6.9651e-03 1.0000e+05
3.5390e-01 8.7886e+04 -4.9993e+03 6.9637e-03 1.0000e+05
3.4386e-01 8.6796e+04 -3.9534e+03 6.9654e-03 1.0000e+05
3.3377e-01 8.4576e+04 -5.2919e+03 6.9648e-03 1.0000e+05
3.2420e-01 8.2548e+04 -4.8876e+03 6.9649e-03 1.0000e+05
3.1362e-01 8.1589e+04 -4.4969e+03 6.9649e-03 1.0000e+05
3.0406e-01 8.0722e+04 -5.3395e+03 6.9642e-03 1.0000e+05
2.9387e-01 7.8946e+04 -5.0834e+03 6.9641e-03 1.0000e+05
2.8438e-01 7.8739e+04 -4.0350e+03 6.9646e-03 1.0000e+05
2.7381e-01 7.6355e+04 -4.2968e+03 6.9643e-03 1.0000e+05
2.6430e-01 7.5489e+04 -3.9893e+03 6.9647e-03 1.0000e+05
2.5421e-01 7.3844e+04 -3.5573e+03 6.9640e-03 1.0000e+05
2.4320e-01 7.2347e+04 -3.0196e+03 6.9655e-03 1.0000e+05
2.3312e-01 7.1308e+04 -3.8142e+03 6.9648e-03 1.0000e+05
2.2339e-01 7.0330e+04 -3.6296e+03 6.9658e-03 1.0000e+05
2.1322e-01 6.9013e+04 -3.6909e+03 6.9649e-03 1.0000e+05
2.0356e-01 6.8500e+04 -3.7814e+03 6.9640e-03 1.0000e+05
1.9344e-01 6.6932e+04 -3.0665e+03 6.9641e-03 1.0000e+05
1.8342e-01 6.5768e+04 -3.0148e+03 6.9633e-03 1.0000e+05
1.7335e-01 6.4395e+04 -2.4277e+03 6.9640e-03 1.0000e+05
1.6356e-01 6.3191e+04 -2.8715e+03 6.9643e-03 1.0000e+05
1.5346e-01 6.2116e+04 -2.4547e+03 6.9641e-03 1.0000e+05
1.4350e-01 6.1493e+04 -2.5765e+03 6.9644e-03 1.0000e+05
1.3370e-01 6.0240e+04 -2.3846e+03 6.9630e-03 1.0000e+05
1.2346e-01 5.9171e+04 -1.9490e+03 6.9623e-03 1.0000e+05
1.1377e-01 5.7907e+04 -1.9553e+03 6.9625e-03 1.0000e+05
1.0370e-01 5.7002e+04 -1.5841e+03 6.9628e-03 1.0000e+05
9.3856e-02 5.6204e+04 -1.5684e+03 6.9631e-03 1.0000e+05
8.3696e-02 5.4671e+04 -1.7366e+03 6.9636e-03 1.0000e+05
7.4024e-02 5.4222e+04 -1.3122e+03 6.9634e-03 1.0000e+05
6.3872e-02 5.3258e+04 -1.4937e+03 6.9617e-03 1.0000e+05
5.4136e-02 5.2056e+04 -1.4672e+03 6.9622e-03 1.0000e+05
4.4200e-02 5.1531e+04 -1.3381e+03 6.9641e-03 1.0000e+05
3.4512e-02 5.0665e+04 -1.5357e+03 6.9617e-03 1.0000e+05
2.4048e-02 4.9552e+04 -9.2425e+02 6.9624e-03 1.0000e+05
1.4624e-02 4.8844e+04 -7.9393e+02 6.9610e-03 1.0000e+05
4.2320e-03 4.7584e+04 -9.8437e+02 6.9620e-03 1.0000e+05




