  Measurement Number     Measurement type
                   2           CVSweepNew

      Measurement ID             SeriesID
       739662.648660                    0

         MeasureMode                Start                 Stop
                   1                    0                    1

                Step           Sweep mode            Frequency
                0.01                    3               100000

            AC level                Abort          After abort
                0.01                    0                    1

           Hold time           Delay time      Stop delay time
                   0                    0                    0

  RealMeasuredPoints
                 202

     Voltage   Resistance    Reactance      ACLevel    Frequency
3.3760e-03 5.0704e+02 4.5854e+00 6.3347e-03 1.0000e+05
1.2888e-02 5.0682e+02 4.4661e+00 6.3343e-03 1.0000e+05
2.1736e-02 5.0643e+02 4.4120e+00 6.3325e-03 1.0000e+05
3.1096e-02 5.0653e+02 4.2782e+00 6.3340e-03 1.0000e+05
4.0040e-02 5.0581e+02 4.4731e+00 6.3342e-03 1.0000e+05
4.9080e-02 5.0575e+02 4.3446e+00 6.3327e-03 1.0000e+05
5.7976e-02 5.0509e+02 4.6258e+00 6.3337e-03 1.0000e+05
6.7144e-02 5.0508e+02 4.2169e+00 6.3325e-03 1.0000e+05
7.6048e-02 5.0504e+02 4.4199e+00 6.3317e-03 1.0000e+05
8.5192e-02 5.0467e+02 4.7854e+00 6.3317e-03 1.0000e+05
9.4280e-02 5.0438e+02 4.6797e+00 6.3309e-03 1.0000e+05
1.0329e-01 5.0425e+02 4.6057e+00 6.3315e-03 1.0000e+05
1.1247e-01 5.0383e+02 4.6045e+00 6.3310e-03 1.0000e+05
1.2132e-01 5.0350e+02 4.4445e+00 6.3299e-03 1.0000e+05
1.3052e-01 5.0372e+02 4.6849e+00 6.3303e-03 1.0000e+05
1.3941e-01 5.0326e+02 4.5663e+00 6.3313e-03 1.0000e+05
1.4873e-01 5.0310e+02 4.8103e+00 6.3310e-03 1.0000e+05
1.5754e-01 5.0301e+02 4.4007e+00 6.3284e-03 1.0000e+05
1.6669e-01 5.0317e+02 4.2407e+00 6.3307e-03 1.0000e+05
1.7558e-01 5.0261e+02 4.7365e+00 6.3279e-03 1.0000e+05
1.8498e-01 5.0238e+02 4.3350e+00 6.3284e-03 1.0000e+05
1.9370e-01 5.0216e+02 4.5986e+00 6.3290e-03 1.0000e+05
2.0309e-01 5.0193e+02 4.3989e+00 6.3278e-03 1.0000e+05
2.1203e-01 5.0183e+02 4.4468e+00 6.3280e-03 1.0000e+05
2.2103e-01 5.0181e+02 4.3500e+00 6.3303e-03 1.0000e+05
2.3112e-01 5.0158e+02 4.2976e+00 6.3282e-03 1.0000e+05
2.4021e-01 5.0177e+02 4.6262e+00 6.3287e-03 1.0000e+05
2.4898e-01 5.0143e+02 4.3699e+00 6.3276e-03 1.0000e+05
2.5808e-01 5.0119e+02 4.5871e+00 6.3288e-03 1.0000e+05
2.6728e-01 5.0120e+02 4.0651e+00 6.3278e-03 1.0000e+05
2.7618e-01 5.0108e+02 4.3465e+00 6.3270e-03 1.0000e+05
2.8540e-01 5.0082e+02 4.3616e+00 6.3278e-03 1.0000e+05
2.9454e-01 5.0095e+02 4.3369e+00 6.3263e-03 1.0000e+05
3.0338e-01 5.0077e+02 4.2698e+00 6.3273e-03 1.0000e+05
3.1246e-01 5.0060e+02 4.4243e+00 6.3259e-03 1.0000e+05
3.2163e-01 5.0082e+02 4.3869e+00 6.3268e-03 1.0000e+05
3.3055e-01 5.0050e+02 4.4087e+00 6.3276e-03 1.0000e+05
3.3983e-01 5.0072e+02 4.2972e+00 6.3260e-03 1.0000e+05
3.4867e-01 5.0076e+02 4.3947e+00 6.3263e-03 1.0000e+05
3.5805e-01 5.0050e+02 4.0728e+00 6.3263e-03 1.0000e+05
3.6674e-01 5.0040e+02 4.2763e+00 6.3269e-03 1.0000e+05
3.7630e-01 5.0014e+02 4.2142e+00 6.3263e-03 1.0000e+05
3.8475e-01 5.0068e+02 4.4111e+00 6.3259e-03 1.0000e+05
3.9413e-01 5.0082e+02 4.1048e+00 6.3266e-03 1.0000e+05
4.0291e-01 5.0049e+02 3.8863e+00 6.3267e-03 1.0000e+05
4.1230e-01 5.0061e+02 4.1122e+00 6.3269e-03 1.0000e+05
4.2126e-01 5.0137e+02 3.9898e+00 6.3277e-03 1.0000e+05
4.3033e-01 5.0094e+02 4.2583e+00 6.3283e-03 1.0000e+05
4.3939e-01 5.0090e+02 4.2281e+00 6.3265e-03 1.0000e+05
4.4829e-01 5.0114e+02 4.0504e+00 6.3269e-03 1.0000e+05
4.5821e-01 5.0154e+02 3.9246e+00 6.3279e-03 1.0000e+05
4.6736e-01 5.0154e+02 4.1453e+00 6.3279e-03 1.0000e+05
4.7670e-01 5.0135e+02 3.8968e+00 6.3274e-03 1.0000e+05
4.8549e-01 5.0240e+02 4.2782e+00 6.3299e-03 1.0000e+05
4.9483e-01 5.0157e+02 4.1179e+00 6.3275e-03 1.0000e+05
5.0357e-01 5.0190e+02 4.0686e+00 6.3279e-03 1.0000e+05
5.1270e-01 5.0186e+02 4.4578e+00 6.3290e-03 1.0000e+05
5.2172e-01 5.0217e+02 4.1179e+00 6.3303e-03 1.0000e+05
5.3090e-01 5.0200e+02 4.2464e+00 6.3291e-03 1.0000e+05
5.3963e-01 5.0239e+02 4.5006e+00 6.3284e-03 1.0000e+05
5.4890e-01 5.0200e+02 4.3118e+00 6.3289e-03 1.0000e+05
5.5796e-01 5.0214e+02 3.7274e+00 6.3301e-03 1.0000e+05
5.6693e-01 5.0205e+02 4.0941e+00 6.3289e-03 1.0000e+05
5.7582e-01 5.0231e+02 4.3610e+00 6.3295e-03 1.0000e+05
5.8518e-01 5.0230e+02 4.1781e+00 6.3290e-03 1.0000e+05
5.9405e-01 5.0255e+02 4.3176e+00 6.3291e-03 1.0000e+05
6.0331e-01 5.0272e+02 3.9028e+00 6.3288e-03 1.0000e+05
6.1219e-01 5.0279e+02 3.9725e+00 6.3304e-03 1.0000e+05
6.2131e-01 5.0286e+02 4.0882e+00 6.3293e-03 1.0000e+05
6.3019e-01 5.0262e+02 4.1861e+00 6.3297e-03 1.0000e+05
6.3955e-01 5.0259e+02 4.1593e+00 6.3298e-03 1.0000e+05
6.4851e-01 5.0246e+02 3.8564e+00 6.3293e-03 1.0000e+05
6.5756e-01 5.0309e+02 4.1182e+00 6.3293e-03 1.0000e+05
6.6654e-01 5.0327e+02 3.7922e+00 6.3307e-03 1.0000e+05
6.7631e-01 5.0275e+02 4.0042e+00 6.3293e-03 1.0000e+05
6.8566e-01 5.0291e+02 4.2663e+00 6.3288e-03 1.0000e+05
6.9453e-01 5.0287e+02 3.8516e+00 6.3292e-03 1.0000e+05
7.0397e-01 5.0321e+02 3.8067e+00 6.3305e-03 1.0000e+05
7.1278e-01 5.0332e+02 4.0726e+00 6.3304e-03 1.0000e+05
7.2194e-01 5.0325e+02 4.3471e+00 6.3303e-03 1.0000e+05
7.3075e-01 5.0308e+02 3.8544e+00 6.3311e-03 1.0000e+05
7.3970e-01 5.0337e+02 4.1639e+00 6.3313e-03 1.0000e+05
7.4882e-01 5.0379e+02 4.3117e+00 6.3314e-03 1.0000e+05
7.5828e-01 5.0357e+02 3.9994e+00 6.3304e-03 1.0000e+05
7.6707e-01 5.0329e+02 4.0368e+00 6.3295e-03 1.0000e+05
7.7634e-01 5.0355e+02 4.1230e+00 6.3306e-03 1.0000e+05
7.8544e-01 5.0373e+02 3.8754e+00 6.3290e-03 1.0000e+05
7.9422e-01 5.0421e+02 4.0383e+00 6.3321e-03 1.0000e+05
8.0336e-01 5.0395e+02 3.7822e+00 6.3323e-03 1.0000e+05
8.1259e-01 5.0433e+02 3.9903e+00 6.3305e-03 1.0000e+05
8.2170e-01 5.0404e+02 3.9285e+00 6.3312e-03 1.0000e+05
8.3049e-01 5.0417e+02 4.0035e+00 6.3306e-03 1.0000e+05
8.3989e-01 5.0420e+02 4.0188e+00 6.3318e-03 1.0000e+05
8.4874e-01 5.0451e+02 4.1606e+00 6.3317e-03 1.0000e+05
8.5782e-01 5.0433e+02 4.3050e+00 6.3310e-03 1.0000e+05
8.6672e-01 5.0442e+02 4.1114e+00 6.3309e-03 1.0000e+05
8.7617e-01 5.0480e+02 3.9012e+00 6.3320e-03 1.0000e+05
8.8493e-01 5.0466e+02 3.9722e+00 6.3299e-03 1.0000e+05
8.9413e-01 5.0446e+02 3.8792e+00 6.3318e-03 1.0000e+05
9.0395e-01 5.0491e+02 4.2864e+00 6.3314e-03 1.0000e+05
9.1338e-01 5.0502e+02 4.2256e+00 6.3323e-03 1.0000e+05
9.1273e-01 5.0482e+02 4.1136e+00 6.3344e-03 1.0000e+05
9.0424e-01 5.0513e+02 4.1053e+00 6.3326e-03 1.0000e+05
8.9383e-01 5.0450e+02 4.0384e+00 6.3305e-03 1.0000e+05
8.8518e-01 5.0458e+02 4.2473e+00 6.3305e-03 1.0000e+05
8.7575e-01 5.0460e+02 4.3278e+00 6.3316e-03 1.0000e+05
8.6661e-01 5.0465e+02 4.0825e+00 6.3315e-03 1.0000e+05
8.5751e-01 5.0479e+02 3.9753e+00 6.3308e-03 1.0000e+05
8.4857e-01 5.0447e+02 4.3867e+00 6.3316e-03 1.0000e+05
8.3950e-01 5.0477e+02 4.1059e+00 6.3318e-03 1.0000e+05
8.3049e-01 5.0439e+02 3.7289e+00 6.3315e-03 1.0000e+05
8.2140e-01 5.0454e+02 3.8671e+00 6.3312e-03 1.0000e+05
8.1250e-01 5.0453e+02 4.0255e+00 6.3323e-03 1.0000e+05
8.0320e-01 5.0404e+02 3.8034e+00 6.3312e-03 1.0000e+05
7.9431e-01 5.0469e+02 4.0615e+00 6.3316e-03 1.0000e+05
7.8546e-01 5.0435e+02 3.9994e+00 6.3309e-03 1.0000e+05
7.7628e-01 5.0529e+02 3.9300e+00 6.3318e-03 1.0000e+05
7.6735e-01 5.0583e+02 3.8169e+00 6.3323e-03 1.0000e+05
7.5828e-01 5.0583e+02 4.2245e+00 6.3338e-03 1.0000e+05
7.4912e-01 5.0569e+02 4.0363e+00 6.3322e-03 1.0000e+05
7.3997e-01 5.0587e+02 4.1036e+00 6.3330e-03 1.0000e+05
7.3100e-01 5.0579e+02 4.1646e+00 6.3333e-03 1.0000e+05
7.2172e-01 5.0591e+02 4.1761e+00 6.3337e-03 1.0000e+05
7.1298e-01 5.0565e+02 3.9170e+00 6.3320e-03 1.0000e+05
7.0380e-01 5.0543e+02 4.1390e+00 6.3333e-03 1.0000e+05
6.9494e-01 5.0553e+02 4.5730e+00 6.3331e-03 1.0000e+05
6.8547e-01 5.0504e+02 4.0424e+00 6.3318e-03 1.0000e+05
6.7663e-01 5.0514e+02 4.0546e+00 6.3327e-03 1.0000e+05
6.6660e-01 5.0493e+02 3.9335e+00 6.3320e-03 1.0000e+05
6.5778e-01 5.0506e+02 4.2854e+00 6.3321e-03 1.0000e+05
6.4850e-01 5.0509e+02 4.1377e+00 6.3324e-03 1.0000e+05
6.3967e-01 5.0519e+02 3.9711e+00 6.3328e-03 1.0000e+05
6.3019e-01 5.0513e+02 3.8979e+00 6.3326e-03 1.0000e+05
6.2143e-01 5.0495e+02 4.3566e+00 6.3320e-03 1.0000e+05
6.1235e-01 5.0465e+02 4.1319e+00 6.3321e-03 1.0000e+05
6.0318e-01 5.0474e+02 4.1573e+00 6.3316e-03 1.0000e+05
5.9410e-01 5.0450e+02 4.0457e+00 6.3311e-03 1.0000e+05
5.8506e-01 5.0448e+02 4.1071e+00 6.3317e-03 1.0000e+05
5.7598e-01 5.0482e+02 4.0764e+00 6.3324e-03 1.0000e+05
5.6683e-01 5.0432e+02 3.9657e+00 6.3332e-03 1.0000e+05
5.5795e-01 5.0430e+02 3.9676e+00 6.3324e-03 1.0000e+05
5.4866e-01 5.0442e+02 4.2135e+00 6.3294e-03 1.0000e+05
5.3980e-01 5.0431e+02 4.1341e+00 6.3307e-03 1.0000e+05
5.3056e-01 5.0396e+02 4.0449e+00 6.3314e-03 1.0000e+05
5.2188e-01 5.0404e+02 3.9689e+00 6.3301e-03 1.0000e+05
5.1253e-01 5.0407e+02 4.0866e+00 6.3305e-03 1.0000e+05
5.0366e-01 5.0423e+02 3.9755e+00 6.3313e-03 1.0000e+05
4.9432e-01 5.0378e+02 4.0519e+00 6.3302e-03 1.0000e+05
4.8566e-01 5.0374e+02 4.2587e+00 6.3295e-03 1.0000e+05
4.7637e-01 5.0394e+02 4.0420e+00 6.3312e-03 1.0000e+05
4.6775e-01 5.0377e+02 4.0440e+00 6.3290e-03 1.0000e+05
4.5814e-01 5.0324e+02 4.0786e+00 6.3286e-03 1.0000e+05
4.4843e-01 5.0336e+02 3.9835e+00 6.3302e-03 1.0000e+05
4.3922e-01 5.0327e+02 4.1332e+00 6.3312e-03 1.0000e+05
4.3026e-01 5.0291e+02 4.3120e+00 6.3297e-03 1.0000e+05
4.2111e-01 5.0320e+02 4.4328e+00 6.3307e-03 1.0000e+05
4.1227e-01 5.0308e+02 4.2070e+00 6.3299e-03 1.0000e+05
4.0273e-01 5.0210e+02 3.9869e+00 6.3286e-03 1.0000e+05
3.9385e-01 5.0195e+02 4.4807e+00 6.3298e-03 1.0000e+05
3.8487e-01 5.0244e+02 4.4685e+00 6.3294e-03 1.0000e+05
3.7580e-01 5.0205e+02 4.5583e+00 6.3291e-03 1.0000e+05
3.6683e-01 5.0208e+02 4.5350e+00 6.3278e-03 1.0000e+05
3.5759e-01 5.0182e+02 4.2833e+00 6.3292e-03 1.0000e+05
3.4888e-01 5.0201e+02 4.1640e+00 6.3303e-03 1.0000e+05
3.3938e-01 5.0196e+02 3.9592e+00 6.3276e-03 1.0000e+05
3.3077e-01 5.0205e+02 4.0256e+00 6.3284e-03 1.0000e+05
3.2130e-01 5.0174e+02 4.2060e+00 6.3283e-03 1.0000e+05
3.1255e-01 5.0177e+02 4.2453e+00 6.3279e-03 1.0000e+05
3.0324e-01 5.0200e+02 3.9930e+00 6.3288e-03 1.0000e+05
2.9433e-01 5.0197e+02 4.3848e+00 6.3293e-03 1.0000e+05
2.8486e-01 5.0188e+02 4.2327e+00 6.3282e-03 1.0000e+05
2.7627e-01 5.0197e+02 4.4507e+00 6.3294e-03 1.0000e+05
2.6677e-01 5.0225e+02 4.1024e+00 6.3298e-03 1.0000e+05
2.5813e-01 5.0232e+02 4.4355e+00 6.3284e-03 1.0000e+05
2.4890e-01 5.0229e+02 4.1454e+00 6.3288e-03 1.0000e+05
2.3981e-01 5.0274e+02 4.2690e+00 6.3301e-03 1.0000e+05
2.3090e-01 5.0248e+02 4.2403e+00 6.3302e-03 1.0000e+05
2.2087e-01 5.0270e+02 4.5256e+00 6.3292e-03 1.0000e+05
2.1200e-01 5.0296e+02 4.6067e+00 6.3311e-03 1.0000e+05
2.0285e-01 5.0344e+02 4.5198e+00 6.3313e-03 1.0000e+05
1.9374e-01 5.0338e+02 4.5824e+00 6.3306e-03 1.0000e+05
1.8474e-01 5.0423e+02 4.5858e+00 6.3310e-03 1.0000e+05
1.7568e-01 5.0404e+02 4.4068e+00 6.3320e-03 1.0000e+05
1.6610e-01 5.0436e+02 4.1109e+00 6.3321e-03 1.0000e+05
1.5766e-01 5.0448e+02 4.3450e+00 6.3315e-03 1.0000e+05
1.4837e-01 5.0474e+02 4.4940e+00 6.3320e-03 1.0000e+05
1.3946e-01 5.0502e+02 4.6130e+00 6.3338e-03 1.0000e+05
1.3018e-01 5.0523e+02 4.3374e+00 6.3333e-03 1.0000e+05
1.2131e-01 5.0549e+02 4.4163e+00 6.3326e-03 1.0000e+05
1.1185e-01 5.0565e+02 4.7205e+00 6.3322e-03 1.0000e+05
1.0322e-01 5.0583e+02 4.2111e+00 6.3336e-03 1.0000e+05
9.3816e-02 5.0649e+02 4.3081e+00 6.3340e-03 1.0000e+05
8.5192e-02 5.0615e+02 4.4699e+00 6.3347e-03 1.0000e+05
7.5800e-02 5.0667e+02 4.5038e+00 6.3337e-03 1.0000e+05
6.7080e-02 5.0664e+02 4.0712e+00 6.3331e-03 1.0000e+05
5.7840e-02 5.0710e+02 4.2719e+00 6.3340e-03 1.0000e+05
4.9128e-02 5.0747e+02 4.8300e+00 6.3350e-03 1.0000e+05
3.9912e-02 5.0802e+02 4.4341e+00 6.3353e-03 1.0000e+05
3.0856e-02 5.0840e+02 4.3919e+00 6.3360e-03 1.0000e+05
2.1784e-02 5.0860e+02 4.2784e+00 6.3363e-03 1.0000e+05
1.2792e-02 5.0919e+02 4.4907e+00 6.3374e-03 1.0000e+05
3.7200e-03 5.0969e+02 4.4554e+00 6.3374e-03 1.0000e+05




