  Measurement Number     Measurement type
                   1                DC IV

      Measurement ID             SeriesID
       739662.656032                    0

         MeasureMode                Bias1                Bias2
                   2                   -1                    1

                Step  Positive compliance  Negative compliance
                0.02                  0.1                  0.1

  RealMeasuredPoints
                 204

        Bias        Current     Resistance
0.0000e+00   1.9823e-06   0.0000e+00
-2.0000e-02   2.4662e-07   -8.1098e+04
-4.0000e-02   -2.0963e-06   1.9081e+04
-6.0000e-02   -5.3039e-06   1.1312e+04
-8.0000e-02   -9.6649e-06   8.2773e+03
-1.0000e-01   -1.5373e-05   6.5050e+03
-1.2000e-01   -2.2660e-05   5.2957e+03
-1.4000e-01   -3.1538e-05   4.4391e+03
-1.6000e-01   -4.1921e-05   3.8167e+03
-1.8000e-01   -5.3870e-05   3.3414e+03
-2.0000e-01   -6.7229e-05   2.9749e+03
-2.2000e-01   -8.1888e-05   2.6866e+03
-2.4000e-01   -9.7871e-05   2.4522e+03
-2.6000e-01   -1.1496e-04   2.2618e+03
-2.8000e-01   -1.3330e-04   2.1005e+03
-3.0000e-01   -1.5262e-04   1.9656e+03
-3.2000e-01   -1.7282e-04   1.8516e+03
-3.4000e-01   -1.9398e-04   1.7527e+03
-3.6000e-01   -2.1581e-04   1.6682e+03
-3.8000e-01   -2.3847e-04   1.5935e+03
-4.0000e-01   -2.6169e-04   1.5285e+03
-4.2000e-01   -2.8560e-04   1.4706e+03
-4.4000e-01   -3.0998e-04   1.4195e+03
-4.6000e-01   -3.3494e-04   1.3734e+03
-4.8000e-01   -3.6029e-04   1.3323e+03
-5.0000e-01   -3.8617e-04   1.2948e+03
-5.2000e-01   -4.1238e-04   1.2610e+03
-5.4000e-01   -4.3907e-04   1.2299e+03
-5.6000e-01   -4.6614e-04   1.2014e+03
-5.8000e-01   -4.9345e-04   1.1754e+03
-6.0000e-01   -5.2119e-04   1.1512e+03
-6.2000e-01   -5.4912e-04   1.1291e+03
-6.4000e-01   -5.7747e-04   1.1083e+03
-6.6000e-01   -6.0600e-04   1.0891e+03
-6.8000e-01   -6.3489e-04   1.0710e+03
-7.0000e-01   -6.6405e-04   1.0541e+03
-7.2000e-01   -6.9345e-04   1.0383e+03
-7.4000e-01   -7.2295e-04   1.0236e+03
-7.6000e-01   -7.5279e-04   1.0096e+03
-7.8000e-01   -7.8282e-04   9.9639e+02
-8.0000e-01   -8.1296e-04   9.8405e+02
-8.2000e-01   -8.4343e-04   9.7222e+02
-8.4000e-01   -8.7405e-04   9.6104e+02
-8.6000e-01   -9.0473e-04   9.5056e+02
-8.8000e-01   -9.3570e-04   9.4047e+02
-9.0000e-01   -9.6683e-04   9.3087e+02
-9.2000e-01   -9.9797e-04   9.2187e+02
-9.4000e-01   -1.0294e-03   9.1315e+02
-9.6000e-01   -1.0608e-03   9.0495e+02
-9.8000e-01   -1.0925e-03   8.9701e+02
-1.0000e+00   -1.1243e-03   8.8941e+02
-1.0000e+00   -1.1242e-03   8.8949e+02
-9.8000e-01   -1.0923e-03   8.9720e+02
-9.6000e-01   -1.0605e-03   9.0524e+02
-9.4000e-01   -1.0290e-03   9.1354e+02
-9.2000e-01   -9.9747e-04   9.2234e+02
-9.0000e-01   -9.6622e-04   9.3147e+02
-8.8000e-01   -9.3504e-04   9.4113e+02
-8.6000e-01   -9.0400e-04   9.5133e+02
-8.4000e-01   -8.7324e-04   9.6193e+02
-8.2000e-01   -8.4255e-04   9.7323e+02
-8.0000e-01   -8.1203e-04   9.8518e+02
-7.8000e-01   -7.8182e-04   9.9767e+02
-7.6000e-01   -7.5171e-04   1.0110e+03
-7.4000e-01   -7.2180e-04   1.0252e+03
-7.2000e-01   -6.9223e-04   1.0401e+03
-7.0000e-01   -6.6275e-04   1.0562e+03
-6.8000e-01   -6.3352e-04   1.0734e+03
-6.6000e-01   -6.0453e-04   1.0918e+03
-6.4000e-01   -5.7593e-04   1.1112e+03
-6.2000e-01   -5.4750e-04   1.1324e+03
-6.0000e-01   -5.1946e-04   1.1551e+03
-5.8000e-01   -4.9163e-04   1.1797e+03
-5.6000e-01   -4.6424e-04   1.2063e+03
-5.4000e-01   -4.3706e-04   1.2355e+03
-5.2000e-01   -4.1030e-04   1.2674e+03
-5.0000e-01   -3.8399e-04   1.3021e+03
-4.8000e-01   -3.5804e-04   1.3406e+03
-4.6000e-01   -3.3262e-04   1.3830e+03
-4.4000e-01   -3.0759e-04   1.4305e+03
-4.2000e-01   -2.8317e-04   1.4832e+03
-4.0000e-01   -2.5925e-04   1.5429e+03
-3.8000e-01   -2.3605e-04   1.6098e+03
-3.6000e-01   -2.1345e-04   1.6866e+03
-3.4000e-01   -1.9168e-04   1.7738e+03
-3.2000e-01   -1.7065e-04   1.8752e+03
-3.0000e-01   -1.5059e-04   1.9922e+03
-2.8000e-01   -1.3145e-04   2.1301e+03
-2.6000e-01   -1.1336e-04   2.2936e+03
-2.4000e-01   -9.6416e-05   2.4892e+03
-2.2000e-01   -8.0617e-05   2.7289e+03
-2.0000e-01   -6.6167e-05   3.0227e+03
-1.8000e-01   -5.2993e-05   3.3967e+03
-1.6000e-01   -4.1224e-05   3.8813e+03
-1.4000e-01   -3.0990e-05   4.5176e+03
-1.2000e-01   -2.2257e-05   5.3915e+03
-1.0000e-01   -1.5097e-05   6.6237e+03
-8.0000e-02   -9.4765e-06   8.4419e+03
-6.0000e-02   -5.1896e-06   1.1562e+04
-4.0000e-02   -2.0441e-06   1.9568e+04
-2.0000e-02   2.5846e-07   -7.7381e+04
0.0000e+00   1.9646e-06   0.0000e+00
0.0000e+00   1.9619e-06   0.0000e+00
2.0000e-02   3.2875e-06   6.0837e+03
4.0000e-02   4.3861e-06   9.1198e+03
6.0000e-02   5.3471e-06   1.1221e+04
8.0000e-02   6.2339e-06   1.2833e+04
1.0000e-01   7.0814e-06   1.4122e+04
1.2000e-01   7.9007e-06   1.5189e+04
1.4000e-01   8.7067e-06   1.6080e+04
1.6000e-01   9.4965e-06   1.6848e+04
1.8000e-01   1.0279e-05   1.7511e+04
2.0000e-01   1.1049e-05   1.8101e+04
2.2000e-01   1.1803e-05   1.8640e+04
2.4000e-01   1.2555e-05   1.9116e+04
2.6000e-01   1.3295e-05   1.9556e+04
2.8000e-01   1.4022e-05   1.9969e+04
3.0000e-01   1.4741e-05   2.0352e+04
3.2000e-01   1.5444e-05   2.0721e+04
3.4000e-01   1.6139e-05   2.1067e+04
3.6000e-01   1.6821e-05   2.1401e+04
3.8000e-01   1.7495e-05   2.1721e+04
4.0000e-01   1.8159e-05   2.2028e+04
4.2000e-01   1.8811e-05   2.2327e+04
4.4000e-01   1.9455e-05   2.2617e+04
4.6000e-01   2.0089e-05   2.2898e+04
4.8000e-01   2.0713e-05   2.3174e+04
5.0000e-01   2.1330e-05   2.3441e+04
5.2000e-01   2.1937e-05   2.3704e+04
5.4000e-01   2.2537e-05   2.3960e+04
5.6000e-01   2.3132e-05   2.4208e+04
5.8000e-01   2.3716e-05   2.4456e+04
6.0000e-01   2.4295e-05   2.4696e+04
6.2000e-01   2.4866e-05   2.4934e+04
6.4000e-01   2.5434e-05   2.5163e+04
6.6000e-01   2.5993e-05   2.5392e+04
6.8000e-01   2.6546e-05   2.5616e+04
7.0000e-01   2.7096e-05   2.5835e+04
7.2000e-01   2.7640e-05   2.6049e+04
7.4000e-01   2.8178e-05   2.6262e+04
7.6000e-01   2.8712e-05   2.6469e+04
7.8000e-01   2.9242e-05   2.6674e+04
8.0000e-01   2.9768e-05   2.6874e+04
8.2000e-01   3.0288e-05   2.7073e+04
8.4000e-01   3.0806e-05   2.7267e+04
8.6000e-01   3.1322e-05   2.7457e+04
8.8000e-01   3.1834e-05   2.7644e+04
9.0000e-01   3.2341e-05   2.7828e+04
9.2000e-01   3.2848e-05   2.8008e+04
9.4000e-01   3.3351e-05   2.8185e+04
9.6000e-01   3.3854e-05   2.8357e+04
9.8000e-01   3.4352e-05   2.8528e+04
1.0000e+00   3.4848e-05   2.8696e+04
1.0000e+00   3.4834e-05   2.8708e+04
9.8000e-01   3.4313e-05   2.8560e+04
9.6000e-01   3.3788e-05   2.8412e+04
9.4000e-01   3.3266e-05   2.8257e+04
9.2000e-01   3.2743e-05   2.8097e+04
9.0000e-01   3.2218e-05   2.7934e+04
8.8000e-01   3.1693e-05   2.7766e+04
8.6000e-01   3.1163e-05   2.7596e+04
8.4000e-01   3.0635e-05   2.7420e+04
8.2000e-01   3.0103e-05   2.7240e+04
8.0000e-01   2.9569e-05   2.7056e+04
7.8000e-01   2.9028e-05   2.6870e+04
7.6000e-01   2.8489e-05   2.6677e+04
7.4000e-01   2.7944e-05   2.6481e+04
7.2000e-01   2.7397e-05   2.6281e+04
7.0000e-01   2.6845e-05   2.6076e+04
6.8000e-01   2.6289e-05   2.5867e+04
6.6000e-01   2.5726e-05   2.5655e+04
6.4000e-01   2.5161e-05   2.5436e+04
6.2000e-01   2.4591e-05   2.5213e+04
6.0000e-01   2.4017e-05   2.4982e+04
5.8000e-01   2.3432e-05   2.4752e+04
5.6000e-01   2.2846e-05   2.4512e+04
5.4000e-01   2.2251e-05   2.4269e+04
5.2000e-01   2.1650e-05   2.4019e+04
5.0000e-01   2.1042e-05   2.3762e+04
4.8000e-01   2.0426e-05   2.3499e+04
4.6000e-01   1.9804e-05   2.3227e+04
4.4000e-01   1.9173e-05   2.2949e+04
4.2000e-01   1.8531e-05   2.2664e+04
4.0000e-01   1.7885e-05   2.2365e+04
3.8000e-01   1.7225e-05   2.2061e+04
3.6000e-01   1.6558e-05   2.1742e+04
3.4000e-01   1.5882e-05   2.1407e+04
3.2000e-01   1.5196e-05   2.1059e+04
3.0000e-01   1.4501e-05   2.0689e+04
2.8000e-01   1.3792e-05   2.0302e+04
2.6000e-01   1.3077e-05   1.9882e+04
2.4000e-01   1.2349e-05   1.9435e+04
2.2000e-01   1.1614e-05   1.8943e+04
2.0000e-01   1.0866e-05   1.8406e+04
1.8000e-01   1.0112e-05   1.7801e+04
1.6000e-01   9.3465e-06   1.7119e+04
1.4000e-01   8.5724e-06   1.6331e+04
1.2000e-01   7.7843e-06   1.5416e+04
1.0000e-01   6.9839e-06   1.4319e+04
8.0000e-02   6.1554e-06   1.2997e+04
6.0000e-02   5.2876e-06   1.1347e+04
4.0000e-02   4.3442e-06   9.2077e+03
2.0000e-02   3.2617e-06   6.1318e+03
0.0000e+00   1.9494e-06   0.0000e+00
