  Measurement Number     Measurement type
                   4           CVSweepNew

      Measurement ID             SeriesID
       739662.659158                    0

         MeasureMode                Start                 Stop
                   1                    0                    1

                Step           Sweep mode            Frequency
                0.01                    3               100000

            AC level                Abort          After abort
                0.01                    0                    1

           Hold time           Delay time      Stop delay time
                   0                    0                    0

  RealMeasuredPoints
                 202

     Voltage   Resistance    Reactance      ACLevel    Frequency
4.5200e-03 1.3120e+04 -2.0835e+02 6.9417e-03 1.0000e+05
1.4760e-02 1.4687e+04 -3.7242e+02 6.9459e-03 1.0000e+05
2.4488e-02 1.6171e+04 -4.7250e+02 6.9481e-03 1.0000e+05
3.4560e-02 1.7533e+04 -6.0623e+02 6.9490e-03 1.0000e+05
4.4432e-02 1.8725e+04 -6.9216e+02 6.9505e-03 1.0000e+05
5.4304e-02 1.9723e+04 -8.7942e+02 6.9527e-03 1.0000e+05
6.4328e-02 2.0478e+04 -9.4302e+02 6.9525e-03 1.0000e+05
7.3904e-02 2.1120e+04 -1.1624e+03 6.9527e-03 1.0000e+05
8.4072e-02 2.1587e+04 -1.1236e+03 6.9527e-03 1.0000e+05
9.3752e-02 2.1993e+04 -1.3418e+03 6.9538e-03 1.0000e+05
1.0411e-01 2.2209e+04 -1.3397e+03 6.9534e-03 1.0000e+05
1.1345e-01 2.2513e+04 -1.4330e+03 6.9551e-03 1.0000e+05
1.2370e-01 2.2665e+04 -1.5121e+03 6.9549e-03 1.0000e+05
1.3370e-01 2.2778e+04 -1.5844e+03 6.9538e-03 1.0000e+05
1.4378e-01 2.2935e+04 -1.5774e+03 6.9536e-03 1.0000e+05
1.5347e-01 2.3092e+04 -1.6645e+03 6.9529e-03 1.0000e+05
1.6369e-01 2.3153e+04 -1.6680e+03 6.9551e-03 1.0000e+05
1.7345e-01 2.3342e+04 -1.7248e+03 6.9547e-03 1.0000e+05
1.8344e-01 2.3366e+04 -1.7770e+03 6.9549e-03 1.0000e+05
1.9347e-01 2.3487e+04 -1.8014e+03 6.9553e-03 1.0000e+05
2.0340e-01 2.3688e+04 -1.8275e+03 6.9540e-03 1.0000e+05
2.1337e-01 2.3785e+04 -1.9235e+03 6.9542e-03 1.0000e+05
2.2348e-01 2.3866e+04 -1.8563e+03 6.9555e-03 1.0000e+05
2.3322e-01 2.4004e+04 -2.0119e+03 6.9546e-03 1.0000e+05
2.4319e-01 2.4111e+04 -1.9948e+03 6.9546e-03 1.0000e+05
2.5434e-01 2.4340e+04 -2.0710e+03 6.9539e-03 1.0000e+05
2.6405e-01 2.4434e+04 -2.0743e+03 6.9569e-03 1.0000e+05
2.7403e-01 2.4654e+04 -2.1903e+03 6.9547e-03 1.0000e+05
2.8390e-01 2.4652e+04 -2.0967e+03 6.9550e-03 1.0000e+05
2.9403e-01 2.4897e+04 -2.1644e+03 6.9554e-03 1.0000e+05
3.0377e-01 2.4999e+04 -2.2297e+03 6.9558e-03 1.0000e+05
3.1386e-01 2.5240e+04 -2.2806e+03 6.9548e-03 1.0000e+05
3.2375e-01 2.5364e+04 -2.2797e+03 6.9560e-03 1.0000e+05
3.3395e-01 2.5672e+04 -2.2353e+03 6.9551e-03 1.0000e+05
3.4359e-01 2.5697e+04 -2.4110e+03 6.9565e-03 1.0000e+05
3.5400e-01 2.5894e+04 -2.3713e+03 6.9548e-03 1.0000e+05
3.6369e-01 2.5995e+04 -2.4600e+03 6.9554e-03 1.0000e+05
3.7380e-01 2.6271e+04 -2.3728e+03 6.9563e-03 1.0000e+05
3.8351e-01 2.6274e+04 -2.5281e+03 6.9575e-03 1.0000e+05
3.9369e-01 2.6498e+04 -2.3987e+03 6.9564e-03 1.0000e+05
4.0326e-01 2.6659e+04 -2.5736e+03 6.9571e-03 1.0000e+05
4.1369e-01 2.6818e+04 -2.5587e+03 6.9561e-03 1.0000e+05
4.2332e-01 2.6983e+04 -2.5785e+03 6.9554e-03 1.0000e+05
4.3343e-01 2.7079e+04 -2.5340e+03 6.9573e-03 1.0000e+05
4.4322e-01 2.7358e+04 -2.6386e+03 6.9576e-03 1.0000e+05
4.5334e-01 2.7518e+04 -2.6670e+03 6.9565e-03 1.0000e+05
4.6319e-01 2.7526e+04 -2.6826e+03 6.9580e-03 1.0000e+05
4.7311e-01 2.7764e+04 -2.6709e+03 6.9565e-03 1.0000e+05
4.8330e-01 2.7833e+04 -2.6852e+03 6.9563e-03 1.0000e+05
4.9289e-01 2.8158e+04 -2.7566e+03 6.9552e-03 1.0000e+05
5.0408e-01 2.8303e+04 -2.7814e+03 6.9594e-03 1.0000e+05
5.1404e-01 2.8437e+04 -2.8259e+03 6.9583e-03 1.0000e+05
5.2414e-01 2.8523e+04 -2.9230e+03 6.9580e-03 1.0000e+05
5.3362e-01 2.8766e+04 -2.7965e+03 6.9561e-03 1.0000e+05
5.4393e-01 2.8999e+04 -3.0309e+03 6.9577e-03 1.0000e+05
5.5370e-01 2.9092e+04 -2.8084e+03 6.9564e-03 1.0000e+05
5.6384e-01 2.9140e+04 -2.8573e+03 6.9590e-03 1.0000e+05
5.7364e-01 2.9339e+04 -2.8962e+03 6.9560e-03 1.0000e+05
5.8374e-01 2.9327e+04 -2.9851e+03 6.9592e-03 1.0000e+05
5.9352e-01 2.9692e+04 -2.8270e+03 6.9580e-03 1.0000e+05
6.0358e-01 2.9778e+04 -3.1029e+03 6.9575e-03 1.0000e+05
6.1342e-01 3.0001e+04 -2.8913e+03 6.9588e-03 1.0000e+05
6.2347e-01 3.0030e+04 -2.9626e+03 6.9561e-03 1.0000e+05
6.3335e-01 3.0375e+04 -2.9990e+03 6.9593e-03 1.0000e+05
6.4368e-01 3.0316e+04 -2.8954e+03 6.9586e-03 1.0000e+05
6.5316e-01 3.0550e+04 -2.8776e+03 6.9582e-03 1.0000e+05
6.6322e-01 3.0519e+04 -3.1081e+03 6.9560e-03 1.0000e+05
6.7320e-01 3.0773e+04 -2.8852e+03 6.9596e-03 1.0000e+05
6.8304e-01 3.1028e+04 -3.0211e+03 6.9573e-03 1.0000e+05
6.9303e-01 3.1177e+04 -2.9554e+03 6.9593e-03 1.0000e+05
7.0301e-01 3.1132e+04 -2.9972e+03 6.9580e-03 1.0000e+05
7.1308e-01 3.1235e+04 -3.0819e+03 6.9571e-03 1.0000e+05
7.2292e-01 3.1177e+04 -3.1334e+03 6.9592e-03 1.0000e+05
7.3330e-01 3.1611e+04 -3.0898e+03 6.9580e-03 1.0000e+05
7.4376e-01 3.1540e+04 -3.0896e+03 6.9584e-03 1.0000e+05
7.5386e-01 3.1862e+04 -3.0012e+03 6.9580e-03 1.0000e+05
7.6387e-01 3.2006e+04 -3.1178e+03 6.9591e-03 1.0000e+05
7.7386e-01 3.2027e+04 -3.0883e+03 6.9593e-03 1.0000e+05
7.8342e-01 3.2039e+04 -3.1976e+03 6.9598e-03 1.0000e+05
7.9382e-01 3.2205e+04 -2.9528e+03 6.9586e-03 1.0000e+05
8.0350e-01 3.2267e+04 -3.2171e+03 6.9587e-03 1.0000e+05
8.1357e-01 3.2323e+04 -2.9966e+03 6.9595e-03 1.0000e+05
8.2325e-01 3.2531e+04 -3.2743e+03 6.9592e-03 1.0000e+05
8.3358e-01 3.2472e+04 -3.1603e+03 6.9589e-03 1.0000e+05
8.4362e-01 3.2767e+04 -3.1110e+03 6.9602e-03 1.0000e+05
8.5335e-01 3.3001e+04 -2.9518e+03 6.9591e-03 1.0000e+05
8.6354e-01 3.2955e+04 -3.2621e+03 6.9588e-03 1.0000e+05
8.7357e-01 3.2939e+04 -3.0111e+03 6.9585e-03 1.0000e+05
8.8324e-01 3.3146e+04 -3.0721e+03 6.9601e-03 1.0000e+05
8.9350e-01 3.3072e+04 -3.0862e+03 6.9612e-03 1.0000e+05
9.0327e-01 3.3248e+04 -3.0144e+03 6.9593e-03 1.0000e+05
9.1346e-01 3.3206e+04 -3.2439e+03 6.9593e-03 1.0000e+05
9.2294e-01 3.3344e+04 -3.1298e+03 6.9610e-03 1.0000e+05
9.3323e-01 3.3470e+04 -3.3814e+03 6.9603e-03 1.0000e+05
9.4289e-01 3.3608e+04 -2.9967e+03 6.9605e-03 1.0000e+05
9.5298e-01 3.3556e+04 -3.1151e+03 6.9601e-03 1.0000e+05
9.6312e-01 3.3699e+04 -3.1948e+03 6.9586e-03 1.0000e+05
9.7279e-01 3.3604e+04 -3.1361e+03 6.9600e-03 1.0000e+05
9.8295e-01 3.3778e+04 -2.9658e+03 6.9603e-03 1.0000e+05
9.9389e-01 3.3985e+04 -3.2200e+03 6.9584e-03 1.0000e+05
1.0038e+00 3.3941e+04 -3.0576e+03 6.9588e-03 1.0000e+05
1.0036e+00 3.4152e+04 -3.2595e+03 6.9595e-03 1.0000e+05
9.9393e-01 3.3795e+04 -3.0734e+03 6.9590e-03 1.0000e+05
9.8274e-01 3.3964e+04 -3.3864e+03 6.9587e-03 1.0000e+05
9.7304e-01 3.3868e+04 -3.0502e+03 6.9607e-03 1.0000e+05
9.6300e-01 3.3608e+04 -3.3344e+03 6.9594e-03 1.0000e+05
9.5306e-01 3.3744e+04 -3.0512e+03 6.9593e-03 1.0000e+05
9.4289e-01 3.3489e+04 -3.3108e+03 6.9602e-03 1.0000e+05
9.3332e-01 3.3476e+04 -2.8810e+03 6.9604e-03 1.0000e+05
9.2309e-01 3.3459e+04 -3.1931e+03 6.9588e-03 1.0000e+05
9.1326e-01 3.3462e+04 -3.2083e+03 6.9608e-03 1.0000e+05
9.0317e-01 3.3489e+04 -3.1210e+03 6.9591e-03 1.0000e+05
8.9358e-01 3.3161e+04 -3.0460e+03 6.9590e-03 1.0000e+05
8.8297e-01 3.3198e+04 -3.1835e+03 6.9604e-03 1.0000e+05
8.7362e-01 3.3164e+04 -2.9692e+03 6.9585e-03 1.0000e+05
8.6337e-01 3.3247e+04 -3.2691e+03 6.9608e-03 1.0000e+05
8.5350e-01 3.2779e+04 -2.9731e+03 6.9599e-03 1.0000e+05
8.4338e-01 3.3048e+04 -3.0524e+03 6.9607e-03 1.0000e+05
8.3380e-01 3.2552e+04 -3.0635e+03 6.9604e-03 1.0000e+05
8.2342e-01 3.2837e+04 -3.2232e+03 6.9585e-03 1.0000e+05
8.1358e-01 3.2635e+04 -3.0809e+03 6.9596e-03 1.0000e+05
8.0358e-01 3.2557e+04 -3.0348e+03 6.9584e-03 1.0000e+05
7.9350e-01 3.2369e+04 -3.0797e+03 6.9590e-03 1.0000e+05
7.8355e-01 3.2290e+04 -3.0859e+03 6.9603e-03 1.0000e+05
7.7373e-01 3.2297e+04 -3.1097e+03 6.9590e-03 1.0000e+05
7.6399e-01 3.2186e+04 -3.1217e+03 6.9600e-03 1.0000e+05
7.5366e-01 3.1977e+04 -3.1130e+03 6.9586e-03 1.0000e+05
7.4382e-01 3.1968e+04 -3.1493e+03 6.9598e-03 1.0000e+05
7.3280e-01 3.1857e+04 -3.0837e+03 6.9588e-03 1.0000e+05
7.2315e-01 3.1745e+04 -2.8206e+03 6.9600e-03 1.0000e+05
7.1296e-01 3.1564e+04 -3.0978e+03 6.9575e-03 1.0000e+05
7.0334e-01 3.1438e+04 -3.1471e+03 6.9591e-03 1.0000e+05
6.9285e-01 3.1270e+04 -3.1058e+03 6.9591e-03 1.0000e+05
6.8343e-01 3.1156e+04 -3.0175e+03 6.9610e-03 1.0000e+05
6.7302e-01 3.1180e+04 -3.1788e+03 6.9589e-03 1.0000e+05
6.6329e-01 3.0939e+04 -2.9241e+03 6.9571e-03 1.0000e+05
6.5298e-01 3.0826e+04 -2.9946e+03 6.9576e-03 1.0000e+05
6.4368e-01 3.0640e+04 -2.8288e+03 6.9596e-03 1.0000e+05
6.3329e-01 3.0537e+04 -2.9944e+03 6.9571e-03 1.0000e+05
6.2352e-01 3.0355e+04 -2.9335e+03 6.9588e-03 1.0000e+05
6.1332e-01 3.0296e+04 -2.9999e+03 6.9583e-03 1.0000e+05
6.0354e-01 3.0140e+04 -2.8789e+03 6.9585e-03 1.0000e+05
5.9356e-01 3.0082e+04 -3.0542e+03 6.9573e-03 1.0000e+05
5.8363e-01 2.9792e+04 -2.9044e+03 6.9592e-03 1.0000e+05
5.7378e-01 2.9827e+04 -2.9589e+03 6.9572e-03 1.0000e+05
5.6380e-01 2.9567e+04 -2.8568e+03 6.9564e-03 1.0000e+05
5.5374e-01 2.9611e+04 -2.9250e+03 6.9582e-03 1.0000e+05
5.4386e-01 2.9185e+04 -2.8837e+03 6.9579e-03 1.0000e+05
5.3403e-01 2.9172e+04 -2.8566e+03 6.9572e-03 1.0000e+05
5.2381e-01 2.9072e+04 -2.9163e+03 6.9556e-03 1.0000e+05
5.1437e-01 2.8821e+04 -2.8622e+03 6.9568e-03 1.0000e+05
5.0401e-01 2.8644e+04 -2.8568e+03 6.9576e-03 1.0000e+05
4.9312e-01 2.8506e+04 -2.7951e+03 6.9574e-03 1.0000e+05
4.8317e-01 2.8325e+04 -2.7485e+03 6.9575e-03 1.0000e+05
4.7331e-01 2.8136e+04 -2.6740e+03 6.9583e-03 1.0000e+05
4.6302e-01 2.8030e+04 -2.7672e+03 6.9570e-03 1.0000e+05
4.5358e-01 2.7751e+04 -2.5935e+03 6.9562e-03 1.0000e+05
4.4298e-01 2.7782e+04 -2.8183e+03 6.9574e-03 1.0000e+05
4.3332e-01 2.7627e+04 -2.6213e+03 6.9579e-03 1.0000e+05
4.2328e-01 2.7513e+04 -2.6318e+03 6.9561e-03 1.0000e+05
4.1359e-01 2.7352e+04 -2.5871e+03 6.9572e-03 1.0000e+05
4.0340e-01 2.7175e+04 -2.6016e+03 6.9563e-03 1.0000e+05
3.9377e-01 2.6943e+04 -2.5082e+03 6.9574e-03 1.0000e+05
3.8360e-01 2.6765e+04 -2.5473e+03 6.9551e-03 1.0000e+05
3.7369e-01 2.6571e+04 -2.4311e+03 6.9578e-03 1.0000e+05
3.6355e-01 2.6551e+04 -2.5286e+03 6.9565e-03 1.0000e+05
3.5379e-01 2.6232e+04 -2.4084e+03 6.9569e-03 1.0000e+05
3.4387e-01 2.6134e+04 -2.5562e+03 6.9574e-03 1.0000e+05
3.3386e-01 2.5941e+04 -2.3318e+03 6.9562e-03 1.0000e+05
3.2387e-01 2.5907e+04 -2.4538e+03 6.9554e-03 1.0000e+05
3.1350e-01 2.5626e+04 -2.3336e+03 6.9579e-03 1.0000e+05
3.0386e-01 2.5582e+04 -2.3185e+03 6.9550e-03 1.0000e+05
2.9409e-01 2.5338e+04 -2.2801e+03 6.9547e-03 1.0000e+05
2.8395e-01 2.5223e+04 -2.1589e+03 6.9546e-03 1.0000e+05
2.7378e-01 2.5156e+04 -2.1866e+03 6.9566e-03 1.0000e+05
2.6422e-01 2.5006e+04 -2.1335e+03 6.9557e-03 1.0000e+05
2.5438e-01 2.4769e+04 -2.2353e+03 6.9569e-03 1.0000e+05
2.4342e-01 2.4674e+04 -2.0681e+03 6.9547e-03 1.0000e+05
2.3331e-01 2.4422e+04 -2.0770e+03 6.9547e-03 1.0000e+05
2.2347e-01 2.4421e+04 -2.0184e+03 6.9572e-03 1.0000e+05
2.1332e-01 2.4218e+04 -1.9508e+03 6.9540e-03 1.0000e+05
2.0366e-01 2.4169e+04 -1.9006e+03 6.9562e-03 1.0000e+05
1.9355e-01 2.3944e+04 -1.8821e+03 6.9560e-03 1.0000e+05
1.8330e-01 2.3901e+04 -1.8176e+03 6.9559e-03 1.0000e+05
1.7345e-01 2.3684e+04 -1.7979e+03 6.9545e-03 1.0000e+05
1.6359e-01 2.3666e+04 -1.7057e+03 6.9545e-03 1.0000e+05
1.5348e-01 2.3473e+04 -1.7476e+03 6.9563e-03 1.0000e+05
1.4374e-01 2.3429e+04 -1.6240e+03 6.9559e-03 1.0000e+05
1.3388e-01 2.3265e+04 -1.6732e+03 6.9552e-03 1.0000e+05
1.2358e-01 2.3130e+04 -1.5418e+03 6.9555e-03 1.0000e+05
1.1374e-01 2.2861e+04 -1.5186e+03 6.9560e-03 1.0000e+05
1.0386e-01 2.2638e+04 -1.4026e+03 6.9542e-03 1.0000e+05
9.4040e-02 2.2295e+04 -1.3283e+03 6.9528e-03 1.0000e+05
8.3784e-02 2.1958e+04 -1.1841e+03 6.9533e-03 1.0000e+05
7.4224e-02 2.1416e+04 -1.1504e+03 6.9541e-03 1.0000e+05
6.4088e-02 2.0805e+04 -9.6363e+02 6.9519e-03 1.0000e+05
5.4352e-02 1.9967e+04 -8.9173e+02 6.9504e-03 1.0000e+05
4.4472e-02 1.9010e+04 -7.0947e+02 6.9524e-03 1.0000e+05
3.4600e-02 1.7780e+04 -6.0613e+02 6.9488e-03 1.0000e+05
2.4496e-02 1.6371e+04 -4.3560e+02 6.9486e-03 1.0000e+05
1.4760e-02 1.4832e+04 -3.6276e+02 6.9470e-03 1.0000e+05
5.0000e-03 1.3193e+04 -2.7011e+02 6.9427e-03 1.0000e+05




