  Measurement Number     Measurement type
                   6           CVSweepNew

      Measurement ID             SeriesID
       739662.660442                    0

         MeasureMode                Start                 Stop
                   1                    0                    1

                Step           Sweep mode            Frequency
                0.01                    3              1000000

            AC level                Abort          After abort
                0.01                    0                    1

           Hold time           Delay time      Stop delay time
                   0                    0                    0

  RealMeasuredPoints
                 202

     Voltage   Resistance    Reactance      ACLevel    Frequency
5.1520e-03 1.1756e+04 -1.5377e+03 6.8941e-03 1.0000e+06
1.4968e-02 1.2876e+04 -2.0919e+03 6.8967e-03 1.0000e+06
2.4776e-02 1.3988e+04 -2.6718e+03 6.8981e-03 1.0000e+06
3.5016e-02 1.5221e+04 -2.8925e+03 6.9014e-03 1.0000e+06
4.4968e-02 1.5917e+04 -3.5272e+03 6.9009e-03 1.0000e+06
5.4640e-02 1.6281e+04 -3.8419e+03 6.9022e-03 1.0000e+06
6.4456e-02 1.6709e+04 -4.1924e+03 6.9016e-03 1.0000e+06
7.4472e-02 1.6915e+04 -4.3987e+03 6.9030e-03 1.0000e+06
8.4456e-02 1.7124e+04 -4.7143e+03 6.9045e-03 1.0000e+06
9.4456e-02 1.7199e+04 -4.9125e+03 6.9030e-03 1.0000e+06
1.0433e-01 1.6978e+04 -4.8595e+03 6.9047e-03 1.0000e+06
1.1425e-01 1.7488e+04 -5.0976e+03 6.9048e-03 1.0000e+06
1.2382e-01 1.7392e+04 -5.2264e+03 6.9034e-03 1.0000e+06
1.3430e-01 1.7294e+04 -4.9432e+03 6.9040e-03 1.0000e+06
1.4414e-01 1.7276e+04 -5.2140e+03 6.9029e-03 1.0000e+06
1.5406e-01 1.7254e+04 -5.3092e+03 6.9040e-03 1.0000e+06
1.6398e-01 1.7203e+04 -5.1707e+03 6.9025e-03 1.0000e+06
1.7363e-01 1.7340e+04 -5.4042e+03 6.9050e-03 1.0000e+06
1.8384e-01 1.7186e+04 -5.2505e+03 6.9048e-03 1.0000e+06
1.9416e-01 1.7212e+04 -5.3385e+03 6.9044e-03 1.0000e+06
2.0416e-01 1.7280e+04 -5.5096e+03 6.9032e-03 1.0000e+06
2.1366e-01 1.7117e+04 -5.7335e+03 6.9042e-03 1.0000e+06
2.2387e-01 1.7545e+04 -5.6080e+03 6.9047e-03 1.0000e+06
2.3380e-01 1.7487e+04 -5.6647e+03 6.9042e-03 1.0000e+06
2.4371e-01 1.7446e+04 -5.4857e+03 6.9046e-03 1.0000e+06
2.5470e-01 1.7351e+04 -5.6982e+03 6.9038e-03 1.0000e+06
2.6450e-01 1.7441e+04 -5.7487e+03 6.9037e-03 1.0000e+06
2.7430e-01 1.7500e+04 -5.6187e+03 6.9042e-03 1.0000e+06
2.8435e-01 1.7721e+04 -5.7718e+03 6.9047e-03 1.0000e+06
2.9442e-01 1.7796e+04 -5.6884e+03 6.9038e-03 1.0000e+06
3.0398e-01 1.7805e+04 -5.9288e+03 6.9045e-03 1.0000e+06
3.1403e-01 1.7776e+04 -5.6984e+03 6.9051e-03 1.0000e+06
3.2451e-01 1.7863e+04 -5.8482e+03 6.9043e-03 1.0000e+06
3.3455e-01 1.7950e+04 -5.7689e+03 6.9045e-03 1.0000e+06
3.4425e-01 1.7975e+04 -5.8223e+03 6.9038e-03 1.0000e+06
3.5418e-01 1.8447e+04 -6.0027e+03 6.9038e-03 1.0000e+06
3.6413e-01 1.8351e+04 -5.9814e+03 6.9065e-03 1.0000e+06
3.7422e-01 1.8170e+04 -5.9966e+03 6.9052e-03 1.0000e+06
3.8430e-01 1.8334e+04 -6.1125e+03 6.9064e-03 1.0000e+06
3.9397e-01 1.8605e+04 -6.0113e+03 6.9060e-03 1.0000e+06
4.0368e-01 1.8704e+04 -6.1293e+03 6.9056e-03 1.0000e+06
4.1374e-01 1.8812e+04 -6.2151e+03 6.9048e-03 1.0000e+06
4.2370e-01 1.8911e+04 -6.2334e+03 6.9052e-03 1.0000e+06
4.3384e-01 1.9151e+04 -6.4253e+03 6.9067e-03 1.0000e+06
4.4350e-01 1.9043e+04 -6.1646e+03 6.9056e-03 1.0000e+06
4.5353e-01 1.9218e+04 -6.0842e+03 6.9047e-03 1.0000e+06
4.6363e-01 1.9405e+04 -6.1228e+03 6.9059e-03 1.0000e+06
4.7366e-01 1.9566e+04 -6.1999e+03 6.9059e-03 1.0000e+06
4.8373e-01 1.9940e+04 -6.2720e+03 6.9073e-03 1.0000e+06
4.9333e-01 1.9647e+04 -6.5101e+03 6.9064e-03 1.0000e+06
5.0417e-01 2.0040e+04 -6.4158e+03 6.9060e-03 1.0000e+06
5.1469e-01 2.0083e+04 -6.2966e+03 6.9076e-03 1.0000e+06
5.2460e-01 1.9987e+04 -6.3187e+03 6.9067e-03 1.0000e+06
5.3462e-01 2.0492e+04 -6.5386e+03 6.9072e-03 1.0000e+06
5.4432e-01 2.0314e+04 -6.4402e+03 6.9066e-03 1.0000e+06
5.5400e-01 2.0744e+04 -6.4581e+03 6.9072e-03 1.0000e+06
5.6402e-01 2.0865e+04 -6.6537e+03 6.9068e-03 1.0000e+06
5.7445e-01 2.0996e+04 -6.6233e+03 6.9079e-03 1.0000e+06
5.8420e-01 2.1075e+04 -6.4996e+03 6.9075e-03 1.0000e+06
5.9405e-01 2.1246e+04 -6.8755e+03 6.9081e-03 1.0000e+06
6.0378e-01 2.1066e+04 -6.5316e+03 6.9073e-03 1.0000e+06
6.1406e-01 2.1361e+04 -6.5784e+03 6.9080e-03 1.0000e+06
6.2401e-01 2.1538e+04 -6.6584e+03 6.9071e-03 1.0000e+06
6.3363e-01 2.1820e+04 -6.6042e+03 6.9076e-03 1.0000e+06
6.4374e-01 2.1960e+04 -6.6230e+03 6.9076e-03 1.0000e+06
6.5355e-01 2.2015e+04 -6.9231e+03 6.9070e-03 1.0000e+06
6.6370e-01 2.2039e+04 -6.8912e+03 6.9056e-03 1.0000e+06
6.7385e-01 2.2113e+04 -6.5871e+03 6.9082e-03 1.0000e+06
6.8346e-01 2.2505e+04 -6.4566e+03 6.9080e-03 1.0000e+06
6.9342e-01 2.2451e+04 -6.9321e+03 6.9090e-03 1.0000e+06
7.0352e-01 2.2328e+04 -6.8673e+03 6.9076e-03 1.0000e+06
7.1358e-01 2.2859e+04 -6.5785e+03 6.9079e-03 1.0000e+06
7.2354e-01 2.2726e+04 -6.6233e+03 6.9085e-03 1.0000e+06
7.3338e-01 2.2758e+04 -6.7521e+03 6.9075e-03 1.0000e+06
7.4413e-01 2.2933e+04 -6.4957e+03 6.9078e-03 1.0000e+06
7.5417e-01 2.3424e+04 -6.5117e+03 6.9088e-03 1.0000e+06
7.6431e-01 2.3960e+04 -7.0141e+03 6.9084e-03 1.0000e+06
7.7441e-01 2.3544e+04 -6.7961e+03 6.9093e-03 1.0000e+06
7.8410e-01 2.3628e+04 -6.3005e+03 6.9091e-03 1.0000e+06
7.9398e-01 2.3941e+04 -7.0955e+03 6.9091e-03 1.0000e+06
8.0416e-01 2.3667e+04 -6.7310e+03 6.9088e-03 1.0000e+06
8.1406e-01 2.4168e+04 -6.6902e+03 6.9080e-03 1.0000e+06
8.2403e-01 2.4285e+04 -6.9538e+03 6.9087e-03 1.0000e+06
8.3411e-01 2.4509e+04 -6.5765e+03 6.9088e-03 1.0000e+06
8.4387e-01 2.3964e+04 -6.8257e+03 6.9089e-03 1.0000e+06
8.5385e-01 2.4547e+04 -6.6841e+03 6.9098e-03 1.0000e+06
8.6409e-01 2.4353e+04 -7.1977e+03 6.9086e-03 1.0000e+06
8.7374e-01 2.4833e+04 -6.7795e+03 6.9087e-03 1.0000e+06
8.8345e-01 2.4959e+04 -6.8154e+03 6.9087e-03 1.0000e+06
8.9390e-01 2.5005e+04 -6.7838e+03 6.9082e-03 1.0000e+06
9.0370e-01 2.5159e+04 -6.6573e+03 6.9089e-03 1.0000e+06
9.1377e-01 2.5179e+04 -6.5540e+03 6.9079e-03 1.0000e+06
9.2357e-01 2.5074e+04 -6.5193e+03 6.9110e-03 1.0000e+06
9.3356e-01 2.4999e+04 -6.5859e+03 6.9105e-03 1.0000e+06
9.4333e-01 2.4993e+04 -7.3004e+03 6.9084e-03 1.0000e+06
9.5350e-01 2.5299e+04 -6.7735e+03 6.9092e-03 1.0000e+06
9.6363e-01 2.5702e+04 -6.7683e+03 6.9087e-03 1.0000e+06
9.7331e-01 2.5451e+04 -6.4174e+03 6.9084e-03 1.0000e+06
9.8323e-01 2.5567e+04 -6.5224e+03 6.9098e-03 1.0000e+06
9.9429e-01 2.5811e+04 -6.9340e+03 6.9085e-03 1.0000e+06
1.0042e+00 2.5501e+04 -6.7133e+03 6.9094e-03 1.0000e+06
1.0041e+00 2.5427e+04 -7.0319e+03 6.9095e-03 1.0000e+06
9.9430e-01 2.5661e+04 -6.5130e+03 6.9092e-03 1.0000e+06
9.8325e-01 2.5873e+04 -6.9306e+03 6.9097e-03 1.0000e+06
9.7339e-01 2.5622e+04 -6.7476e+03 6.9090e-03 1.0000e+06
9.6363e-01 2.5676e+04 -6.4523e+03 6.9069e-03 1.0000e+06
9.5314e-01 2.5470e+04 -6.4850e+03 6.9090e-03 1.0000e+06
9.4328e-01 2.5290e+04 -6.7593e+03 6.9100e-03 1.0000e+06
9.3335e-01 2.5096e+04 -6.6195e+03 6.9098e-03 1.0000e+06
9.2380e-01 2.4756e+04 -6.6472e+03 6.9098e-03 1.0000e+06
9.1374e-01 2.4726e+04 -6.6960e+03 6.9096e-03 1.0000e+06
9.0343e-01 2.5136e+04 -6.7876e+03 6.9091e-03 1.0000e+06
8.9382e-01 2.5387e+04 -7.0370e+03 6.9098e-03 1.0000e+06
8.8361e-01 2.4563e+04 -7.2349e+03 6.9101e-03 1.0000e+06
8.7394e-01 2.4643e+04 -6.7855e+03 6.9097e-03 1.0000e+06
8.6404e-01 2.4493e+04 -6.8444e+03 6.9102e-03 1.0000e+06
8.5391e-01 2.4478e+04 -7.2173e+03 6.9103e-03 1.0000e+06
8.4396e-01 2.4231e+04 -6.8042e+03 6.9102e-03 1.0000e+06
8.3410e-01 2.4364e+04 -6.7738e+03 6.9088e-03 1.0000e+06
8.2408e-01 2.4069e+04 -6.8165e+03 6.9096e-03 1.0000e+06
8.1400e-01 2.3835e+04 -6.8015e+03 6.9094e-03 1.0000e+06
8.0396e-01 2.3915e+04 -6.8245e+03 6.9099e-03 1.0000e+06
7.9409e-01 2.3958e+04 -7.0119e+03 6.9093e-03 1.0000e+06
7.8426e-01 2.3764e+04 -6.7160e+03 6.9088e-03 1.0000e+06
7.7446e-01 2.3298e+04 -7.1201e+03 6.9088e-03 1.0000e+06
7.6412e-01 2.3670e+04 -7.0225e+03 6.9080e-03 1.0000e+06
7.5410e-01 2.3234e+04 -7.0921e+03 6.9098e-03 1.0000e+06
7.4428e-01 2.3191e+04 -6.9721e+03 6.9092e-03 1.0000e+06
7.3344e-01 2.3051e+04 -6.7275e+03 6.9105e-03 1.0000e+06
7.2355e-01 2.2656e+04 -6.8709e+03 6.9080e-03 1.0000e+06
7.1338e-01 2.2804e+04 -6.8333e+03 6.9075e-03 1.0000e+06
7.0356e-01 2.2682e+04 -6.9334e+03 6.9083e-03 1.0000e+06
6.9339e-01 2.2649e+04 -6.5284e+03 6.9076e-03 1.0000e+06
6.8374e-01 2.2522e+04 -6.7869e+03 6.9079e-03 1.0000e+06
6.7361e-01 2.2287e+04 -6.8134e+03 6.9070e-03 1.0000e+06
6.6350e-01 2.2203e+04 -6.8997e+03 6.9081e-03 1.0000e+06
6.5355e-01 2.1811e+04 -6.7129e+03 6.9089e-03 1.0000e+06
6.4400e-01 2.1919e+04 -6.7074e+03 6.9085e-03 1.0000e+06
6.3392e-01 2.1818e+04 -6.6628e+03 6.9082e-03 1.0000e+06
6.2381e-01 2.1531e+04 -6.5349e+03 6.9094e-03 1.0000e+06
6.1380e-01 2.1663e+04 -6.4580e+03 6.9074e-03 1.0000e+06
6.0377e-01 2.1496e+04 -6.7748e+03 6.9082e-03 1.0000e+06
5.9390e-01 2.0940e+04 -6.6084e+03 6.9074e-03 1.0000e+06
5.8422e-01 2.1319e+04 -6.6174e+03 6.9064e-03 1.0000e+06
5.7678e-01 2.0957e+04 -6.5937e+03 6.9073e-03 1.0000e+06
5.6256e-01 2.0670e+04 -6.8431e+03 6.9080e-03 1.0000e+06
5.5403e-01 2.0365e+04 -6.5834e+03 6.9068e-03 1.0000e+06
5.4414e-01 2.0410e+04 -6.3398e+03 6.9067e-03 1.0000e+06
5.3422e-01 2.0619e+04 -6.4860e+03 6.9076e-03 1.0000e+06
5.2434e-01 2.0235e+04 -6.4323e+03 6.9073e-03 1.0000e+06
5.1437e-01 2.0308e+04 -6.5174e+03 6.9064e-03 1.0000e+06
5.0454e-01 2.0314e+04 -6.4943e+03 6.9057e-03 1.0000e+06
4.9357e-01 1.9842e+04 -6.4146e+03 6.9064e-03 1.0000e+06
4.8371e-01 1.9958e+04 -6.2621e+03 6.9071e-03 1.0000e+06
4.7354e-01 1.9974e+04 -6.5661e+03 6.9044e-03 1.0000e+06
4.6362e-01 1.9576e+04 -6.4691e+03 6.9057e-03 1.0000e+06
4.5410e-01 1.9683e+04 -6.4838e+03 6.9070e-03 1.0000e+06
4.4382e-01 1.9508e+04 -6.4696e+03 6.9066e-03 1.0000e+06
4.3363e-01 1.9348e+04 -6.4461e+03 6.9067e-03 1.0000e+06
4.2366e-01 1.9249e+04 -6.5385e+03 6.9052e-03 1.0000e+06
4.1372e-01 1.9256e+04 -6.1618e+03 6.9059e-03 1.0000e+06
4.0410e-01 1.9083e+04 -6.1900e+03 6.9064e-03 1.0000e+06
3.9419e-01 1.8798e+04 -6.2807e+03 6.9066e-03 1.0000e+06
3.8398e-01 1.9239e+04 -6.0813e+03 6.9045e-03 1.0000e+06
3.7394e-01 1.8520e+04 -6.1264e+03 6.9052e-03 1.0000e+06
3.6424e-01 1.8504e+04 -6.0508e+03 6.9055e-03 1.0000e+06
3.5431e-01 1.8330e+04 -6.0179e+03 6.9046e-03 1.0000e+06
3.4432e-01 1.8328e+04 -6.0103e+03 6.9063e-03 1.0000e+06
3.3416e-01 1.8235e+04 -5.9285e+03 6.9058e-03 1.0000e+06
3.2440e-01 1.7986e+04 -6.1732e+03 6.9042e-03 1.0000e+06
3.1415e-01 1.7911e+04 -6.1633e+03 6.9055e-03 1.0000e+06
3.0436e-01 1.7985e+04 -6.0988e+03 6.9038e-03 1.0000e+06
2.9439e-01 1.7976e+04 -5.9786e+03 6.9053e-03 1.0000e+06
2.8437e-01 1.7922e+04 -5.8082e+03 6.9031e-03 1.0000e+06
2.7429e-01 1.7790e+04 -5.9829e+03 6.9048e-03 1.0000e+06
2.6471e-01 1.7669e+04 -5.9552e+03 6.9043e-03 1.0000e+06
2.5470e-01 1.7718e+04 -6.0144e+03 6.9038e-03 1.0000e+06
2.4364e-01 1.7681e+04 -5.7736e+03 6.9043e-03 1.0000e+06
2.3362e-01 1.7618e+04 -5.8107e+03 6.9047e-03 1.0000e+06
2.2374e-01 1.7948e+04 -5.5901e+03 6.9037e-03 1.0000e+06
2.1398e-01 1.7443e+04 -5.6123e+03 6.9043e-03 1.0000e+06
2.0387e-01 1.7471e+04 -5.7193e+03 6.9041e-03 1.0000e+06
1.9390e-01 1.7373e+04 -5.6339e+03 6.9042e-03 1.0000e+06
1.8359e-01 1.7658e+04 -5.7779e+03 6.9040e-03 1.0000e+06
1.7386e-01 1.7351e+04 -5.5875e+03 6.9025e-03 1.0000e+06
1.6390e-01 1.7675e+04 -5.3997e+03 6.9037e-03 1.0000e+06
1.5409e-01 1.7434e+04 -5.4787e+03 6.9046e-03 1.0000e+06
1.4414e-01 1.7549e+04 -5.3594e+03 6.9054e-03 1.0000e+06
1.3404e-01 1.7481e+04 -5.0239e+03 6.9045e-03 1.0000e+06
1.2405e-01 1.7747e+04 -5.3668e+03 6.9040e-03 1.0000e+06
1.1436e-01 1.7641e+04 -5.1164e+03 6.9040e-03 1.0000e+06
1.0434e-01 1.7581e+04 -5.1827e+03 6.9028e-03 1.0000e+06
9.4384e-02 1.7422e+04 -5.0319e+03 6.9032e-03 1.0000e+06
8.4136e-02 1.7330e+04 -4.6839e+03 6.9040e-03 1.0000e+06
7.4592e-02 1.7271e+04 -4.3851e+03 6.9037e-03 1.0000e+06
6.4720e-02 1.7029e+04 -4.2774e+03 6.9028e-03 1.0000e+06
5.4872e-02 1.6564e+04 -3.9879e+03 6.9017e-03 1.0000e+06
4.4856e-02 1.6064e+04 -3.5932e+03 6.8999e-03 1.0000e+06
3.4944e-02 1.5157e+04 -3.0786e+03 6.9012e-03 1.0000e+06
2.4856e-02 1.4311e+04 -2.6182e+03 6.8982e-03 1.0000e+06
1.5168e-02 1.3124e+04 -2.0373e+03 6.8972e-03 1.0000e+06
5.5600e-03 1.1896e+04 -1.5817e+03 6.8932e-03 1.0000e+06




