  Measurement Number     Measurement type
                   2           CVSweepNew

      Measurement ID             SeriesID
       739662.676285                    0

         MeasureMode                Start                 Stop
                   1                    0                    1

                Step           Sweep mode            Frequency
                0.01                    3               100000

            AC level                Abort          After abort
                0.01                    0                    1

           Hold time           Delay time      Stop delay time
                   0                    0                    0

  RealMeasuredPoints
                 202

     Voltage   Resistance    Reactance      ACLevel    Frequency
4.7040e-03 9.7029e+02 4.5194e+01 6.6184e-03 1.0000e+05
1.4208e-02 9.6941e+02 4.8463e+01 6.6193e-03 1.0000e+05
2.4032e-02 9.6901e+02 4.8002e+01 6.6175e-03 1.0000e+05
3.3216e-02 9.6850e+02 4.7093e+01 6.6156e-03 1.0000e+05
4.2888e-02 9.7027e+02 4.6913e+01 6.6179e-03 1.0000e+05
5.2144e-02 9.6913e+02 4.6691e+01 6.6164e-03 1.0000e+05
6.1680e-02 9.6952e+02 4.7249e+01 6.6178e-03 1.0000e+05
7.1152e-02 9.6847e+02 4.7267e+01 6.6184e-03 1.0000e+05
8.0552e-02 9.6967e+02 4.6925e+01 6.6180e-03 1.0000e+05
8.9984e-02 9.6970e+02 4.6308e+01 6.6179e-03 1.0000e+05
9.9336e-02 9.6994e+02 4.7501e+01 6.6178e-03 1.0000e+05
1.0914e-01 9.6887e+02 4.6962e+01 6.6176e-03 1.0000e+05
1.1820e-01 9.6956e+02 4.7003e+01 6.6187e-03 1.0000e+05
1.2806e-01 9.6984e+02 4.6886e+01 6.6177e-03 1.0000e+05
1.3732e-01 9.6949e+02 4.7753e+01 6.6182e-03 1.0000e+05
1.4690e-01 9.6792e+02 4.8003e+01 6.6189e-03 1.0000e+05
1.5618e-01 9.7004e+02 4.7049e+01 6.6192e-03 1.0000e+05
1.6598e-01 9.6925e+02 4.7752e+01 6.6179e-03 1.0000e+05
1.7506e-01 9.6957e+02 4.6836e+01 6.6188e-03 1.0000e+05
1.8512e-01 9.6899e+02 4.6780e+01 6.6177e-03 1.0000e+05
1.9418e-01 9.6918e+02 4.7261e+01 6.6165e-03 1.0000e+05
2.0399e-01 9.6916e+02 4.6677e+01 6.6186e-03 1.0000e+05
2.1323e-01 9.6956e+02 4.6593e+01 6.6170e-03 1.0000e+05
2.2274e-01 9.6991e+02 4.7526e+01 6.6158e-03 1.0000e+05
2.3172e-01 9.6901e+02 4.6861e+01 6.6173e-03 1.0000e+05
2.4270e-01 9.6776e+02 4.7462e+01 6.6180e-03 1.0000e+05
2.5187e-01 9.6878e+02 4.7875e+01 6.6191e-03 1.0000e+05
2.6143e-01 9.6777e+02 4.6646e+01 6.6178e-03 1.0000e+05
2.7074e-01 9.6938e+02 4.6923e+01 6.6163e-03 1.0000e+05
2.8035e-01 9.6844e+02 4.6552e+01 6.6182e-03 1.0000e+05
2.8980e-01 9.6950e+02 4.7535e+01 6.6182e-03 1.0000e+05
2.9934e-01 9.6932e+02 4.6830e+01 6.6177e-03 1.0000e+05
3.0906e-01 9.6834e+02 4.7739e+01 6.6174e-03 1.0000e+05
3.1852e-01 9.6871e+02 4.7123e+01 6.6189e-03 1.0000e+05
3.2798e-01 9.6834e+02 4.5601e+01 6.6182e-03 1.0000e+05
3.3724e-01 9.6849e+02 4.7330e+01 6.6170e-03 1.0000e+05
3.4700e-01 9.6937e+02 4.6829e+01 6.6178e-03 1.0000e+05
3.5602e-01 9.6895e+02 4.5687e+01 6.6189e-03 1.0000e+05
3.6611e-01 9.6787e+02 4.7491e+01 6.6171e-03 1.0000e+05
3.7529e-01 9.6846e+02 4.6741e+01 6.6176e-03 1.0000e+05
3.8486e-01 9.6826e+02 4.6848e+01 6.6182e-03 1.0000e+05
3.9412e-01 9.6829e+02 4.6832e+01 6.6185e-03 1.0000e+05
4.0371e-01 9.6856e+02 4.7401e+01 6.6178e-03 1.0000e+05
4.1286e-01 9.6907e+02 4.7621e+01 6.6170e-03 1.0000e+05
4.2253e-01 9.6777e+02 4.6802e+01 6.6182e-03 1.0000e+05
4.3221e-01 9.6862e+02 4.8024e+01 6.6178e-03 1.0000e+05
4.4158e-01 9.6754e+02 4.7653e+01 6.6164e-03 1.0000e+05
4.5091e-01 9.6828e+02 4.7038e+01 6.6191e-03 1.0000e+05
4.6060e-01 9.6799e+02 4.7272e+01 6.6170e-03 1.0000e+05
4.7000e-01 9.6856e+02 4.7530e+01 6.6163e-03 1.0000e+05
4.8034e-01 9.6901e+02 4.7329e+01 6.6195e-03 1.0000e+05
4.8990e-01 9.6735e+02 4.6760e+01 6.6168e-03 1.0000e+05
4.9949e-01 9.6798e+02 4.7995e+01 6.6178e-03 1.0000e+05
5.0894e-01 9.6892e+02 4.7259e+01 6.6177e-03 1.0000e+05
5.1841e-01 9.6928e+02 4.7114e+01 6.6180e-03 1.0000e+05
5.2774e-01 9.6857e+02 4.7820e+01 6.6185e-03 1.0000e+05
5.3718e-01 9.6830e+02 4.7330e+01 6.6195e-03 1.0000e+05
5.4683e-01 9.6994e+02 4.6157e+01 6.6178e-03 1.0000e+05
5.5618e-01 9.6877e+02 4.7172e+01 6.6173e-03 1.0000e+05
5.6566e-01 9.6809e+02 4.6862e+01 6.6166e-03 1.0000e+05
5.7495e-01 9.6952e+02 4.6999e+01 6.6189e-03 1.0000e+05
5.8487e-01 9.6913e+02 4.6185e+01 6.6182e-03 1.0000e+05
5.9386e-01 9.6865e+02 4.6901e+01 6.6171e-03 1.0000e+05
6.0358e-01 9.6832e+02 4.6769e+01 6.6184e-03 1.0000e+05
6.1299e-01 9.6980e+02 4.7648e+01 6.6177e-03 1.0000e+05
6.2258e-01 9.6872e+02 4.6862e+01 6.6178e-03 1.0000e+05
6.3177e-01 9.6911e+02 4.6292e+01 6.6173e-03 1.0000e+05
6.4150e-01 9.6940e+02 4.6729e+01 6.6185e-03 1.0000e+05
6.5079e-01 9.6937e+02 4.7223e+01 6.6185e-03 1.0000e+05
6.6025e-01 9.6975e+02 4.5586e+01 6.6183e-03 1.0000e+05
6.7007e-01 9.6898e+02 4.6361e+01 6.6183e-03 1.0000e+05
6.7930e-01 9.7000e+02 4.6554e+01 6.6183e-03 1.0000e+05
6.8861e-01 9.6967e+02 4.7384e+01 6.6191e-03 1.0000e+05
6.9817e-01 9.6987e+02 4.7233e+01 6.6188e-03 1.0000e+05
7.0891e-01 9.7013e+02 4.6773e+01 6.6181e-03 1.0000e+05
7.1791e-01 9.7022e+02 4.7000e+01 6.6190e-03 1.0000e+05
7.2774e-01 9.6917e+02 4.6825e+01 6.6169e-03 1.0000e+05
7.3699e-01 9.7105e+02 4.6600e+01 6.6190e-03 1.0000e+05
7.4671e-01 9.6973e+02 4.6393e+01 6.6184e-03 1.0000e+05
7.5566e-01 9.6984e+02 4.6993e+01 6.6179e-03 1.0000e+05
7.6576e-01 9.7026e+02 4.7328e+01 6.6180e-03 1.0000e+05
7.7474e-01 9.7062e+02 4.6544e+01 6.6202e-03 1.0000e+05
7.8442e-01 9.7074e+02 4.6421e+01 6.6188e-03 1.0000e+05
7.9394e-01 9.6977e+02 4.7084e+01 6.6181e-03 1.0000e+05
8.0358e-01 9.7053e+02 4.6575e+01 6.6184e-03 1.0000e+05
8.1286e-01 9.7070e+02 4.7302e+01 6.6176e-03 1.0000e+05
8.2254e-01 9.7206e+02 4.6039e+01 6.6180e-03 1.0000e+05
8.3193e-01 9.7047e+02 4.6612e+01 6.6181e-03 1.0000e+05
8.4136e-01 9.6994e+02 4.7440e+01 6.6177e-03 1.0000e+05
8.5075e-01 9.7132e+02 4.6122e+01 6.6190e-03 1.0000e+05
8.6026e-01 9.7127e+02 4.6943e+01 6.6192e-03 1.0000e+05
8.6980e-01 9.7189e+02 4.6374e+01 6.6190e-03 1.0000e+05
8.7942e-01 9.7167e+02 4.7572e+01 6.6195e-03 1.0000e+05
8.8881e-01 9.7126e+02 4.7128e+01 6.6179e-03 1.0000e+05
8.9810e-01 9.7200e+02 4.6834e+01 6.6175e-03 1.0000e+05
9.0770e-01 9.7173e+02 4.6989e+01 6.6193e-03 1.0000e+05
9.1715e-01 9.7202e+02 4.6222e+01 6.6187e-03 1.0000e+05
9.2660e-01 9.7230e+02 4.8194e+01 6.6193e-03 1.0000e+05
9.3615e-01 9.7188e+02 4.7689e+01 6.6211e-03 1.0000e+05
9.4672e-01 9.7063e+02 4.7156e+01 6.6180e-03 1.0000e+05
9.5586e-01 9.7179e+02 4.7408e+01 6.6187e-03 1.0000e+05
9.5604e-01 9.7174e+02 4.7045e+01 6.6192e-03 1.0000e+05
9.4651e-01 9.7245e+02 4.6848e+01 6.6188e-03 1.0000e+05
9.3610e-01 9.7196e+02 4.7838e+01 6.6191e-03 1.0000e+05
9.2645e-01 9.7246e+02 4.6815e+01 6.6186e-03 1.0000e+05
9.1720e-01 9.7061e+02 4.7187e+01 6.6173e-03 1.0000e+05
9.0753e-01 9.7150e+02 4.6268e+01 6.6178e-03 1.0000e+05
8.9819e-01 9.7140e+02 4.7062e+01 6.6192e-03 1.0000e+05
8.8837e-01 9.7160e+02 4.6455e+01 6.6184e-03 1.0000e+05
8.7954e-01 9.7190e+02 4.7536e+01 6.6200e-03 1.0000e+05
8.6950e-01 9.6986e+02 4.6952e+01 6.6178e-03 1.0000e+05
8.6035e-01 9.7170e+02 4.6355e+01 6.6195e-03 1.0000e+05
8.5083e-01 9.7263e+02 4.7379e+01 6.6199e-03 1.0000e+05
8.4140e-01 9.7124e+02 4.6608e+01 6.6196e-03 1.0000e+05
8.3170e-01 9.7165e+02 4.5340e+01 6.6191e-03 1.0000e+05
8.2242e-01 9.7180e+02 4.6543e+01 6.6188e-03 1.0000e+05
8.1275e-01 9.7031e+02 4.7027e+01 6.6185e-03 1.0000e+05
8.0338e-01 9.7135e+02 4.6339e+01 6.6178e-03 1.0000e+05
7.9383e-01 9.7107e+02 4.6645e+01 6.6191e-03 1.0000e+05
7.8439e-01 9.7070e+02 4.7268e+01 6.6173e-03 1.0000e+05
7.7470e-01 9.7084e+02 4.6327e+01 6.6193e-03 1.0000e+05
7.6541e-01 9.7032e+02 4.6926e+01 6.6182e-03 1.0000e+05
7.5602e-01 9.7016e+02 4.6859e+01 6.6182e-03 1.0000e+05
7.4651e-01 9.6973e+02 4.7072e+01 6.6176e-03 1.0000e+05
7.3727e-01 9.6968e+02 4.6932e+01 6.6181e-03 1.0000e+05
7.2727e-01 9.7062e+02 4.6825e+01 6.6190e-03 1.0000e+05
7.1815e-01 9.6986e+02 4.6937e+01 6.6180e-03 1.0000e+05
7.0837e-01 9.7072e+02 4.7060e+01 6.6175e-03 1.0000e+05
6.9834e-01 9.6943e+02 4.7039e+01 6.6191e-03 1.0000e+05
6.8857e-01 9.7014e+02 4.6673e+01 6.6183e-03 1.0000e+05
6.7954e-01 9.6855e+02 4.7359e+01 6.6185e-03 1.0000e+05
6.6982e-01 9.6945e+02 4.7052e+01 6.6188e-03 1.0000e+05
6.6027e-01 9.6971e+02 4.6021e+01 6.6192e-03 1.0000e+05
6.5059e-01 9.6872e+02 4.6111e+01 6.6191e-03 1.0000e+05
6.4128e-01 9.7038e+02 4.7486e+01 6.6193e-03 1.0000e+05
6.3186e-01 9.6870e+02 4.6479e+01 6.6183e-03 1.0000e+05
6.2244e-01 9.7004e+02 4.7148e+01 6.6176e-03 1.0000e+05
6.1285e-01 9.7002e+02 4.6988e+01 6.6195e-03 1.0000e+05
6.0358e-01 9.7051e+02 4.6042e+01 6.6199e-03 1.0000e+05
5.9379e-01 9.6922e+02 4.6892e+01 6.6184e-03 1.0000e+05
5.8436e-01 9.6882e+02 4.5408e+01 6.6184e-03 1.0000e+05
5.7491e-01 9.6881e+02 4.6320e+01 6.6182e-03 1.0000e+05
5.6558e-01 9.6746e+02 4.6672e+01 6.6187e-03 1.0000e+05
5.5614e-01 9.6826e+02 4.7746e+01 6.6181e-03 1.0000e+05
5.4665e-01 9.6922e+02 4.6837e+01 6.6192e-03 1.0000e+05
5.3708e-01 9.6812e+02 4.6937e+01 6.6179e-03 1.0000e+05
5.2768e-01 9.6877e+02 4.6286e+01 6.6185e-03 1.0000e+05
5.1824e-01 9.6761e+02 4.7109e+01 6.6189e-03 1.0000e+05
5.0838e-01 9.6836e+02 4.6889e+01 6.6182e-03 1.0000e+05
4.9936e-01 9.6851e+02 4.7368e+01 6.6195e-03 1.0000e+05
4.8958e-01 9.6909e+02 4.7100e+01 6.6172e-03 1.0000e+05
4.8033e-01 9.6892e+02 4.6195e+01 6.6190e-03 1.0000e+05
4.6964e-01 9.6786e+02 4.6271e+01 6.6171e-03 1.0000e+05
4.6073e-01 9.6865e+02 4.7019e+01 6.6184e-03 1.0000e+05
4.5075e-01 9.6838e+02 4.7309e+01 6.6166e-03 1.0000e+05
4.4155e-01 9.6885e+02 4.7417e+01 6.6187e-03 1.0000e+05
4.3190e-01 9.6902e+02 4.7154e+01 6.6180e-03 1.0000e+05
4.2241e-01 9.6905e+02 4.7237e+01 6.6196e-03 1.0000e+05
4.1290e-01 9.6903e+02 4.7020e+01 6.6182e-03 1.0000e+05
4.0353e-01 9.6829e+02 4.6734e+01 6.6164e-03 1.0000e+05
3.9418e-01 9.6850e+02 4.7200e+01 6.6193e-03 1.0000e+05
3.8450e-01 9.6892e+02 4.7227e+01 6.6189e-03 1.0000e+05
3.7514e-01 9.6725e+02 4.6960e+01 6.6178e-03 1.0000e+05
3.6571e-01 9.6860e+02 4.6763e+01 6.6185e-03 1.0000e+05
3.5615e-01 9.6758e+02 4.7358e+01 6.6173e-03 1.0000e+05
3.4674e-01 9.6904e+02 4.6454e+01 6.6190e-03 1.0000e+05
3.3730e-01 9.6859e+02 4.7362e+01 6.6189e-03 1.0000e+05
3.2750e-01 9.6915e+02 4.6765e+01 6.6173e-03 1.0000e+05
3.1847e-01 9.6854e+02 4.7205e+01 6.6185e-03 1.0000e+05
3.0872e-01 9.6837e+02 4.7287e+01 6.6187e-03 1.0000e+05
2.9916e-01 9.6860e+02 4.7331e+01 6.6174e-03 1.0000e+05
2.8953e-01 9.6898e+02 4.7153e+01 6.6181e-03 1.0000e+05
2.8035e-01 9.6707e+02 4.7096e+01 6.6180e-03 1.0000e+05
2.7066e-01 9.6893e+02 4.6843e+01 6.6170e-03 1.0000e+05
2.6145e-01 9.6855e+02 4.6606e+01 6.6198e-03 1.0000e+05
2.5182e-01 9.6941e+02 4.6407e+01 6.6177e-03 1.0000e+05
2.4262e-01 9.6989e+02 4.6661e+01 6.6175e-03 1.0000e+05
2.3182e-01 9.6799e+02 4.6126e+01 6.6185e-03 1.0000e+05
2.2266e-01 9.6883e+02 4.6170e+01 6.6185e-03 1.0000e+05
2.1307e-01 9.6937e+02 4.7853e+01 6.6191e-03 1.0000e+05
2.0367e-01 9.6856e+02 4.7440e+01 6.6192e-03 1.0000e+05
1.9426e-01 9.6911e+02 4.7140e+01 6.6192e-03 1.0000e+05
1.8470e-01 9.6942e+02 4.6987e+01 6.6178e-03 1.0000e+05
1.7494e-01 9.6954e+02 4.6576e+01 6.6193e-03 1.0000e+05
1.6565e-01 9.6974e+02 4.7144e+01 6.6175e-03 1.0000e+05
1.5622e-01 9.6836e+02 4.7422e+01 6.6174e-03 1.0000e+05
1.4648e-01 9.6956e+02 4.7500e+01 6.6195e-03 1.0000e+05
1.3729e-01 9.6848e+02 4.6957e+01 6.6179e-03 1.0000e+05
1.2791e-01 9.7021e+02 4.6506e+01 6.6190e-03 1.0000e+05
1.1848e-01 9.6953e+02 4.7937e+01 6.6189e-03 1.0000e+05
1.0868e-01 9.6952e+02 4.7154e+01 6.6180e-03 1.0000e+05
9.9352e-02 9.6961e+02 4.6381e+01 6.6183e-03 1.0000e+05
8.9840e-02 9.6977e+02 4.7543e+01 6.6207e-03 1.0000e+05
8.0480e-02 9.6811e+02 4.7199e+01 6.6183e-03 1.0000e+05
7.0896e-02 9.6954e+02 4.6823e+01 6.6177e-03 1.0000e+05
6.1496e-02 9.6976e+02 4.6647e+01 6.6174e-03 1.0000e+05
5.1992e-02 9.6954e+02 4.6340e+01 6.6184e-03 1.0000e+05
4.2768e-02 9.6952e+02 4.7702e+01 6.6184e-03 1.0000e+05
3.3392e-02 9.6979e+02 4.7984e+01 6.6188e-03 1.0000e+05
2.3920e-02 9.6911e+02 4.7784e+01 6.6190e-03 1.0000e+05
1.4272e-02 9.6962e+02 4.8648e+01 6.6185e-03 1.0000e+05
5.0640e-03 9.6907e+02 4.6923e+01 6.6188e-03 1.0000e+05




