  Measurement Number     Measurement type
                   1                DC IV

      Measurement ID             SeriesID
       739662.667572                    0

         MeasureMode                Bias1                Bias2
                   2                   -1                    1

                Step  Positive compliance  Negative compliance
                0.01                  0.1                  0.1

  RealMeasuredPoints
                 404

        Bias        Current     Resistance
0.0000e+00   -8.4716e-07   -0.0000e+00
-1.0000e-02   -1.4035e-06   7.1248e+03
-2.0000e-02   -1.8756e-06   1.0663e+04
-3.0000e-02   -2.2832e-06   1.3140e+04
-4.0000e-02   -2.6418e-06   1.5141e+04
-5.0000e-02   -2.9611e-06   1.6885e+04
-6.0000e-02   -3.2564e-06   1.8425e+04
-7.0000e-02   -3.5317e-06   1.9820e+04
-8.0000e-02   -3.7935e-06   2.1089e+04
-9.0000e-02   -4.0458e-06   2.2245e+04
-1.0000e-01   -4.2893e-06   2.3314e+04
-1.1000e-01   -4.5309e-06   2.4278e+04
-1.2000e-01   -4.7700e-06   2.5157e+04
-1.3000e-01   -5.0079e-06   2.5959e+04
-1.4000e-01   -5.2462e-06   2.6686e+04
-1.5000e-01   -5.4852e-06   2.7346e+04
-1.6000e-01   -5.7229e-06   2.7958e+04
-1.7000e-01   -5.9645e-06   2.8502e+04
-1.8000e-01   -6.2068e-06   2.9000e+04
-1.9000e-01   -6.4509e-06   2.9453e+04
-2.0000e-01   -6.6963e-06   2.9867e+04
-2.1000e-01   -6.9424e-06   3.0249e+04
-2.2000e-01   -7.1914e-06   3.0592e+04
-2.3000e-01   -7.4425e-06   3.0904e+04
-2.4000e-01   -7.6954e-06   3.1187e+04
-2.5000e-01   -7.9498e-06   3.1447e+04
-2.6000e-01   -8.2042e-06   3.1691e+04
-2.7000e-01   -8.4618e-06   3.1908e+04
-2.8000e-01   -8.7217e-06   3.2104e+04
-2.9000e-01   -8.9823e-06   3.2286e+04
-3.0000e-01   -9.2449e-06   3.2450e+04
-3.1000e-01   -9.5081e-06   3.2604e+04
-3.2000e-01   -9.7744e-06   3.2738e+04
-3.3000e-01   -1.0041e-05   3.2864e+04
-3.4000e-01   -1.0311e-05   3.2974e+04
-3.5000e-01   -1.0581e-05   3.3077e+04
-3.6000e-01   -1.0852e-05   3.3174e+04
-3.7000e-01   -1.1124e-05   3.3260e+04
-3.8000e-01   -1.1400e-05   3.3334e+04
-3.9000e-01   -1.1676e-05   3.3402e+04
-4.0000e-01   -1.1951e-05   3.3470e+04
-4.1000e-01   -1.2230e-05   3.3523e+04
-4.2000e-01   -1.2510e-05   3.3573e+04
-4.3000e-01   -1.2793e-05   3.3613e+04
-4.4000e-01   -1.3074e-05   3.3654e+04
-4.5000e-01   -1.3359e-05   3.3685e+04
-4.6000e-01   -1.3644e-05   3.3714e+04
-4.7000e-01   -1.3930e-05   3.3739e+04
-4.8000e-01   -1.4216e-05   3.3764e+04
-4.9000e-01   -1.4506e-05   3.3779e+04
-5.0000e-01   -1.4798e-05   3.3789e+04
-5.1000e-01   -1.5090e-05   3.3797e+04
-5.2000e-01   -1.5382e-05   3.3805e+04
-5.3000e-01   -1.5677e-05   3.3807e+04
-5.4000e-01   -1.5974e-05   3.3805e+04
-5.5000e-01   -1.6272e-05   3.3801e+04
-5.6000e-01   -1.6569e-05   3.3798e+04
-5.7000e-01   -1.6868e-05   3.3793e+04
-5.8000e-01   -1.7168e-05   3.3785e+04
-5.9000e-01   -1.7470e-05   3.3773e+04
-6.0000e-01   -1.7773e-05   3.3760e+04
-6.1000e-01   -1.8075e-05   3.3748e+04
-6.2000e-01   -1.8379e-05   3.3734e+04
-6.3000e-01   -1.8686e-05   3.3714e+04
-6.4000e-01   -1.8994e-05   3.3695e+04
-6.5000e-01   -1.9303e-05   3.3674e+04
-6.6000e-01   -1.9611e-05   3.3655e+04
-6.7000e-01   -1.9922e-05   3.3631e+04
-6.8000e-01   -2.0234e-05   3.3606e+04
-6.9000e-01   -2.0548e-05   3.3581e+04
-7.0000e-01   -2.0863e-05   3.3552e+04
-7.1000e-01   -2.1178e-05   3.3526e+04
-7.2000e-01   -2.1494e-05   3.3498e+04
-7.3000e-01   -2.1808e-05   3.3474e+04
-7.4000e-01   -2.2127e-05   3.3443e+04
-7.5000e-01   -2.2448e-05   3.3411e+04
-7.6000e-01   -2.2768e-05   3.3380e+04
-7.7000e-01   -2.3089e-05   3.3350e+04
-7.8000e-01   -2.3412e-05   3.3317e+04
-7.9000e-01   -2.3733e-05   3.3288e+04
-8.0000e-01   -2.4058e-05   3.3253e+04
-8.1000e-01   -2.4382e-05   3.3221e+04
-8.2000e-01   -2.4709e-05   3.3187e+04
-8.3000e-01   -2.5035e-05   3.3153e+04
-8.4000e-01   -2.5364e-05   3.3118e+04
-8.5000e-01   -2.5690e-05   3.3087e+04
-8.6000e-01   -2.6020e-05   3.3052e+04
-8.7000e-01   -2.6352e-05   3.3015e+04
-8.8000e-01   -2.6683e-05   3.2980e+04
-8.9000e-01   -2.7015e-05   3.2945e+04
-9.0000e-01   -2.7349e-05   3.2908e+04
-9.1000e-01   -2.7680e-05   3.2876e+04
-9.2000e-01   -2.8014e-05   3.2840e+04
-9.3000e-01   -2.8349e-05   3.2805e+04
-9.4000e-01   -2.8687e-05   3.2767e+04
-9.5000e-01   -2.9025e-05   3.2730e+04
-9.6000e-01   -2.9360e-05   3.2698e+04
-9.7000e-01   -2.9700e-05   3.2660e+04
-9.8000e-01   -3.0038e-05   3.2625e+04
-9.9000e-01   -3.0379e-05   3.2588e+04
-1.0000e+00   -3.0720e-05   3.2552e+04
-1.0000e+00   -3.0723e-05   3.2549e+04
-9.9000e-01   -3.0385e-05   3.2582e+04
-9.8000e-01   -3.0051e-05   3.2611e+04
-9.7000e-01   -2.9715e-05   3.2643e+04
-9.6000e-01   -2.9382e-05   3.2674e+04
-9.5000e-01   -2.9051e-05   3.2701e+04
-9.4000e-01   -2.8718e-05   3.2732e+04
-9.3000e-01   -2.8385e-05   3.2764e+04
-9.2000e-01   -2.8053e-05   3.2795e+04
-9.1000e-01   -2.7722e-05   3.2826e+04
-9.0000e-01   -2.7396e-05   3.2851e+04
-8.9000e-01   -2.7068e-05   3.2881e+04
-8.8000e-01   -2.6739e-05   3.2911e+04
-8.7000e-01   -2.6410e-05   3.2942e+04
-8.6000e-01   -2.6084e-05   3.2970e+04
-8.5000e-01   -2.5758e-05   3.2999e+04
-8.4000e-01   -2.5436e-05   3.3025e+04
-8.3000e-01   -2.5113e-05   3.3051e+04
-8.2000e-01   -2.4789e-05   3.3079e+04
-8.1000e-01   -2.4466e-05   3.3107e+04
-8.0000e-01   -2.4145e-05   3.3133e+04
-7.9000e-01   -2.3824e-05   3.3160e+04
-7.8000e-01   -2.3506e-05   3.3182e+04
-7.7000e-01   -2.3187e-05   3.3209e+04
-7.6000e-01   -2.2868e-05   3.3235e+04
-7.5000e-01   -2.2551e-05   3.3258e+04
-7.4000e-01   -2.2235e-05   3.3281e+04
-7.3000e-01   -2.1919e-05   3.3305e+04
-7.2000e-01   -2.1606e-05   3.3323e+04
-7.1000e-01   -2.1294e-05   3.3343e+04
-7.0000e-01   -2.0981e-05   3.3364e+04
-6.9000e-01   -2.0669e-05   3.3383e+04
-6.8000e-01   -2.0357e-05   3.3404e+04
-6.7000e-01   -2.0047e-05   3.3421e+04
-6.6000e-01   -1.9739e-05   3.3436e+04
-6.5000e-01   -1.9433e-05   3.3448e+04
-6.4000e-01   -1.9127e-05   3.3461e+04
-6.3000e-01   -1.8821e-05   3.3473e+04
-6.2000e-01   -1.8515e-05   3.3485e+04
-6.1000e-01   -1.8212e-05   3.3495e+04
-6.0000e-01   -1.7911e-05   3.3499e+04
-5.9000e-01   -1.7610e-05   3.3504e+04
-5.8000e-01   -1.7309e-05   3.3509e+04
-5.7000e-01   -1.7010e-05   3.3509e+04
-5.6000e-01   -1.6713e-05   3.3507e+04
-5.5000e-01   -1.6415e-05   3.3506e+04
-5.4000e-01   -1.6119e-05   3.3501e+04
-5.3000e-01   -1.5826e-05   3.3490e+04
-5.2000e-01   -1.5530e-05   3.3483e+04
-5.1000e-01   -1.5241e-05   3.3463e+04
-5.0000e-01   -1.4949e-05   3.3448e+04
-4.9000e-01   -1.4658e-05   3.3429e+04
-4.8000e-01   -1.4369e-05   3.3406e+04
-4.7000e-01   -1.4083e-05   3.3374e+04
-4.6000e-01   -1.3796e-05   3.3344e+04
-4.5000e-01   -1.3511e-05   3.3307e+04
-4.4000e-01   -1.3226e-05   3.3268e+04
-4.3000e-01   -1.2945e-05   3.3218e+04
-4.2000e-01   -1.2663e-05   3.3167e+04
-4.1000e-01   -1.2382e-05   3.3112e+04
-4.0000e-01   -1.2103e-05   3.3050e+04
-3.9000e-01   -1.1826e-05   3.2979e+04
-3.8000e-01   -1.1549e-05   3.2904e+04
-3.7000e-01   -1.1273e-05   3.2822e+04
-3.6000e-01   -1.0999e-05   3.2731e+04
-3.5000e-01   -1.0728e-05   3.2626e+04
-3.4000e-01   -1.0456e-05   3.2517e+04
-3.3000e-01   -1.0185e-05   3.2400e+04
-3.2000e-01   -9.9167e-06   3.2269e+04
-3.1000e-01   -9.6500e-06   3.2124e+04
-3.0000e-01   -9.3871e-06   3.1959e+04
-2.9000e-01   -9.1225e-06   3.1790e+04
-2.8000e-01   -8.8596e-06   3.1604e+04
-2.7000e-01   -8.5979e-06   3.1403e+04
-2.6000e-01   -8.3381e-06   3.1182e+04
-2.5000e-01   -8.0812e-06   3.0936e+04
-2.4000e-01   -7.8250e-06   3.0671e+04
-2.3000e-01   -7.5700e-06   3.0383e+04
-2.2000e-01   -7.3157e-06   3.0072e+04
-2.1000e-01   -7.0645e-06   2.9726e+04
-2.0000e-01   -6.8159e-06   2.9343e+04
-1.9000e-01   -6.5675e-06   2.8930e+04
-1.8000e-01   -6.3203e-06   2.8480e+04
-1.7000e-01   -6.0750e-06   2.7984e+04
-1.6000e-01   -5.8302e-06   2.7443e+04
-1.5000e-01   -5.5896e-06   2.6835e+04
-1.4000e-01   -5.3480e-06   2.6178e+04
-1.3000e-01   -5.1064e-06   2.5458e+04
-1.2000e-01   -4.8644e-06   2.4669e+04
-1.1000e-01   -4.6218e-06   2.3800e+04
-1.0000e-01   -4.3762e-06   2.2851e+04
-9.0000e-02   -4.1290e-06   2.1797e+04
-8.0000e-02   -3.8732e-06   2.0655e+04
-7.0000e-02   -3.6072e-06   1.9405e+04
-6.0000e-02   -3.3277e-06   1.8030e+04
-5.0000e-02   -3.0286e-06   1.6509e+04
-4.0000e-02   -2.7049e-06   1.4788e+04
-3.0000e-02   -2.3420e-06   1.2809e+04
-2.0000e-02   -1.9297e-06   1.0364e+04
-1.0000e-02   -1.4533e-06   6.8810e+03
0.0000e+00   -8.9242e-07   -0.0000e+00
0.0000e+00   -8.8757e-07   -0.0000e+00
1.0000e-02   -2.3009e-07   -4.3460e+04
2.0000e-02   5.6061e-07   3.5676e+04
3.0000e-02   1.5052e-06   1.9931e+04
4.0000e-02   2.6362e-06   1.5173e+04
5.0000e-02   3.9662e-06   1.2607e+04
6.0000e-02   5.5426e-06   1.0825e+04
7.0000e-02   7.3816e-06   9.4831e+03
8.0000e-02   9.4804e-06   8.4384e+03
9.0000e-02   1.1884e-05   7.5730e+03
1.0000e-01   1.4588e-05   6.8550e+03
1.1000e-01   1.7597e-05   6.2510e+03
1.2000e-01   2.0875e-05   5.7485e+03
1.3000e-01   2.4471e-05   5.3125e+03
1.4000e-01   2.8346e-05   4.9390e+03
1.5000e-01   3.2492e-05   4.6165e+03
1.6000e-01   3.6862e-05   4.3405e+03
1.7000e-01   4.1510e-05   4.0954e+03
1.8000e-01   4.6389e-05   3.8802e+03
1.9000e-01   5.1486e-05   3.6903e+03
2.0000e-01   5.6744e-05   3.5246e+03
2.1000e-01   6.2237e-05   3.3742e+03
2.2000e-01   6.7907e-05   3.2397e+03
2.3000e-01   7.3746e-05   3.1188e+03
2.4000e-01   7.9697e-05   3.0114e+03
2.5000e-01   8.5838e-05   2.9125e+03
2.6000e-01   9.2119e-05   2.8224e+03
2.7000e-01   9.8480e-05   2.7417e+03
2.8000e-01   1.0501e-04   2.6664e+03
2.9000e-01   1.1165e-04   2.5973e+03
3.0000e-01   1.1830e-04   2.5359e+03
3.1000e-01   1.2511e-04   2.4779e+03
3.2000e-01   1.3206e-04   2.4231e+03
3.3000e-01   1.3910e-04   2.3724e+03
3.4000e-01   1.4622e-04   2.3253e+03
3.5000e-01   1.5343e-04   2.2811e+03
3.6000e-01   1.6067e-04   2.2407e+03
3.7000e-01   1.6803e-04   2.2020e+03
3.8000e-01   1.7545e-04   2.1659e+03
3.9000e-01   1.8295e-04   2.1318e+03
4.0000e-01   1.9050e-04   2.0998e+03
4.1000e-01   1.9813e-04   2.0694e+03
4.2000e-01   2.0574e-04   2.0414e+03
4.3000e-01   2.1348e-04   2.0143e+03
4.4000e-01   2.2126e-04   1.9886e+03
4.5000e-01   2.2911e-04   1.9642e+03
4.6000e-01   2.3697e-04   1.9411e+03
4.7000e-01   2.4486e-04   1.9195e+03
4.8000e-01   2.5283e-04   1.8985e+03
4.9000e-01   2.6085e-04   1.8785e+03
5.0000e-01   2.6891e-04   1.8593e+03
5.1000e-01   2.7701e-04   1.8411e+03
5.2000e-01   2.8510e-04   1.8239e+03
5.3000e-01   2.9328e-04   1.8072e+03
5.4000e-01   3.0149e-04   1.7911e+03
5.5000e-01   3.0975e-04   1.7756e+03
5.6000e-01   3.1802e-04   1.7609e+03
5.7000e-01   3.2627e-04   1.7470e+03
5.8000e-01   3.3462e-04   1.7333e+03
5.9000e-01   3.4300e-04   1.7201e+03
6.0000e-01   3.5141e-04   1.7074e+03
6.1000e-01   3.5984e-04   1.6952e+03
6.2000e-01   3.6825e-04   1.6836e+03
6.3000e-01   3.7674e-04   1.6722e+03
6.4000e-01   3.8526e-04   1.6612e+03
6.5000e-01   3.9379e-04   1.6506e+03
6.6000e-01   4.0230e-04   1.6406e+03
6.7000e-01   4.1089e-04   1.6306e+03
6.8000e-01   4.1951e-04   1.6209e+03
6.9000e-01   4.2816e-04   1.6116e+03
7.0000e-01   4.3674e-04   1.6028e+03
7.1000e-01   4.4542e-04   1.5940e+03
7.2000e-01   4.5413e-04   1.5855e+03
7.3000e-01   4.6284e-04   1.5772e+03
7.4000e-01   4.7151e-04   1.5694e+03
7.5000e-01   4.8027e-04   1.5616e+03
7.6000e-01   4.8905e-04   1.5540e+03
7.7000e-01   4.9783e-04   1.5467e+03
7.8000e-01   5.0659e-04   1.5397e+03
7.9000e-01   5.1540e-04   1.5328e+03
8.0000e-01   5.2426e-04   1.5260e+03
8.1000e-01   5.3312e-04   1.5194e+03
8.2000e-01   5.4194e-04   1.5131e+03
8.3000e-01   5.5083e-04   1.5068e+03
8.4000e-01   5.5975e-04   1.5007e+03
8.5000e-01   5.6860e-04   1.4949e+03
8.6000e-01   5.7754e-04   1.4891e+03
8.7000e-01   5.8650e-04   1.4834e+03
8.8000e-01   5.9546e-04   1.4778e+03
8.9000e-01   6.0438e-04   1.4726e+03
9.0000e-01   6.1338e-04   1.4673e+03
9.1000e-01   6.2239e-04   1.4621e+03
9.2000e-01   6.3141e-04   1.4571e+03
9.3000e-01   6.4044e-04   1.4521e+03
9.4000e-01   6.4940e-04   1.4475e+03
9.5000e-01   6.5846e-04   1.4428e+03
9.6000e-01   6.6752e-04   1.4382e+03
9.7000e-01   6.7659e-04   1.4337e+03
9.8000e-01   6.8567e-04   1.4293e+03
9.9000e-01   6.9471e-04   1.4251e+03
1.0000e+00   7.0381e-04   1.4208e+03
1.0000e+00   7.0381e-04   1.4208e+03
9.9000e-01   6.9471e-04   1.4250e+03
9.8000e-01   6.8568e-04   1.4292e+03
9.7000e-01   6.7660e-04   1.4336e+03
9.6000e-01   6.6752e-04   1.4382e+03
9.5000e-01   6.5847e-04   1.4427e+03
9.4000e-01   6.4941e-04   1.4475e+03
9.3000e-01   6.4044e-04   1.4521e+03
9.2000e-01   6.3142e-04   1.4570e+03
9.1000e-01   6.2241e-04   1.4621e+03
9.0000e-01   6.1339e-04   1.4673e+03
8.9000e-01   6.0439e-04   1.4726e+03
8.8000e-01   5.9548e-04   1.4778e+03
8.7000e-01   5.8651e-04   1.4834e+03
8.6000e-01   5.7755e-04   1.4890e+03
8.5000e-01   5.6862e-04   1.4948e+03
8.4000e-01   5.5976e-04   1.5006e+03
8.3000e-01   5.5085e-04   1.5068e+03
8.2000e-01   5.4195e-04   1.5131e+03
8.1000e-01   5.3314e-04   1.5193e+03
8.0000e-01   5.2428e-04   1.5259e+03
7.9000e-01   5.1542e-04   1.5327e+03
7.8000e-01   5.0660e-04   1.5397e+03
7.7000e-01   4.9785e-04   1.5467e+03
7.6000e-01   4.8907e-04   1.5540e+03
7.5000e-01   4.8028e-04   1.5616e+03
7.4000e-01   4.7153e-04   1.5694e+03
7.3000e-01   4.6285e-04   1.5772e+03
7.2000e-01   4.5413e-04   1.5854e+03
7.1000e-01   4.4542e-04   1.5940e+03
7.0000e-01   4.3675e-04   1.6028e+03
6.9000e-01   4.2814e-04   1.6116e+03
6.8000e-01   4.1952e-04   1.6209e+03
6.7000e-01   4.1090e-04   1.6306e+03
6.6000e-01   4.0231e-04   1.6405e+03
6.5000e-01   3.9380e-04   1.6506e+03
6.4000e-01   3.8526e-04   1.6612e+03
6.3000e-01   3.7675e-04   1.6722e+03
6.2000e-01   3.6825e-04   1.6836e+03
6.1000e-01   3.5985e-04   1.6952e+03
6.0000e-01   3.5141e-04   1.7074e+03
5.9000e-01   3.4300e-04   1.7201e+03
5.8000e-01   3.3462e-04   1.7333e+03
5.7000e-01   3.2627e-04   1.7470e+03
5.6000e-01   3.1801e-04   1.7610e+03
5.5000e-01   3.0973e-04   1.7758e+03
5.4000e-01   3.0148e-04   1.7912e+03
5.3000e-01   2.9326e-04   1.8073e+03
5.2000e-01   2.8508e-04   1.8241e+03
5.1000e-01   2.7699e-04   1.8412e+03
5.0000e-01   2.6889e-04   1.8595e+03
4.9000e-01   2.6083e-04   1.8786e+03
4.8000e-01   2.5280e-04   1.8987e+03
4.7000e-01   2.4482e-04   1.9197e+03
4.6000e-01   2.3695e-04   1.9413e+03
4.5000e-01   2.2909e-04   1.9643e+03
4.4000e-01   2.2124e-04   1.9888e+03
4.3000e-01   2.1345e-04   2.0145e+03
4.2000e-01   2.0571e-04   2.0417e+03
4.1000e-01   1.9810e-04   2.0697e+03
4.0000e-01   1.9048e-04   2.1000e+03
3.9000e-01   1.8291e-04   2.1322e+03
3.8000e-01   1.7542e-04   2.1663e+03
3.7000e-01   1.6799e-04   2.2025e+03
3.6000e-01   1.6063e-04   2.2412e+03
3.5000e-01   1.5339e-04   2.2817e+03
3.4000e-01   1.4619e-04   2.3257e+03
3.3000e-01   1.3905e-04   2.3732e+03
3.2000e-01   1.3202e-04   2.4239e+03
3.1000e-01   1.2507e-04   2.4786e+03
3.0000e-01   1.1827e-04   2.5366e+03
2.9000e-01   1.1151e-04   2.6006e+03
2.8000e-01   1.0486e-04   2.6702e+03
2.7000e-01   9.8441e-05   2.7428e+03
2.6000e-01   9.2084e-05   2.8235e+03
2.5000e-01   8.5798e-05   2.9138e+03
2.4000e-01   7.9660e-05   3.0128e+03
2.3000e-01   7.3710e-05   3.1203e+03
2.2000e-01   6.7874e-05   3.2413e+03
2.1000e-01   6.2200e-05   3.3762e+03
2.0000e-01   5.6711e-05   3.5267e+03
1.9000e-01   5.1447e-05   3.6931e+03
1.8000e-01   4.6353e-05   3.8833e+03
1.7000e-01   4.1477e-05   4.0987e+03
1.6000e-01   3.6831e-05   4.3441e+03
1.5000e-01   3.2463e-05   4.6206e+03
1.4000e-01   2.8321e-05   4.9433e+03
1.3000e-01   2.4449e-05   5.3171e+03
1.2000e-01   2.0859e-05   5.7528e+03
1.1000e-01   1.7589e-05   6.2538e+03
1.0000e-01   1.4590e-05   6.8538e+03
9.0000e-02   1.1898e-05   7.5641e+03
8.0000e-02   9.4989e-06   8.4220e+03
7.0000e-02   7.4101e-06   9.4466e+03
6.0000e-02   5.5838e-06   1.0745e+04
5.0000e-02   4.0187e-06   1.2442e+04
4.0000e-02   2.6980e-06   1.4826e+04
3.0000e-02   1.5798e-06   1.8990e+04
2.0000e-02   6.4541e-07   3.0988e+04
1.0000e-02   -1.3517e-07   -7.3979e+04
0.0000e+00   -7.8318e-07   -0.0000e+00
