  Measurement Number     Measurement type
                   2           CVSweepNew

      Measurement ID             SeriesID
       739662.669054                    0

         MeasureMode                Start                 Stop
                   1                    0                    1

                Step           Sweep mode            Frequency
                0.01                    3                 1000

            AC level                Abort          After abort
                0.01                    0                    1

           Hold time           Delay time      Stop delay time
                   0                    0                    0

  RealMeasuredPoints
                 202

     Voltage   Resistance    Reactance      ACLevel    Frequency
4.9680e-03 1.6441e+04 4.0638e+00 6.9691e-03 1.0000e+03
1.4832e-02 1.3797e+04 4.5614e+00 6.9642e-03 1.0000e+03
2.4672e-02 1.1570e+04 2.5662e+00 6.9590e-03 1.0000e+03
3.4672e-02 9.6633e+03 -3.1038e-01 6.9535e-03 1.0000e+03
4.4552e-02 8.1329e+03 -1.1755e+00 6.9470e-03 1.0000e+03
5.4328e-02 6.8931e+03 -3.7210e+00 6.9389e-03 1.0000e+03
6.4160e-02 5.9027e+03 -3.7089e+00 6.9301e-03 1.0000e+03
7.3984e-02 5.1043e+03 -5.0125e+00 6.9208e-03 1.0000e+03
8.3776e-02 4.4698e+03 -4.1015e+00 6.9115e-03 1.0000e+03
9.3640e-02 3.9541e+03 -4.9659e+00 6.9014e-03 1.0000e+03
1.0346e-01 3.5369e+03 -3.0910e+00 6.8913e-03 1.0000e+03
1.1317e-01 3.2060e+03 -3.9153e+00 6.8818e-03 1.0000e+03
1.2302e-01 2.9336e+03 -2.7269e+00 6.8729e-03 1.0000e+03
1.3293e-01 2.7050e+03 -3.9249e+00 6.8639e-03 1.0000e+03
1.4276e-01 2.5195e+03 -2.8993e+00 6.8533e-03 1.0000e+03
1.5242e-01 2.3636e+03 -2.5482e+00 6.8435e-03 1.0000e+03
1.6220e-01 2.2320e+03 -3.4734e+00 6.8355e-03 1.0000e+03
1.7194e-01 2.1216e+03 -2.2640e+00 6.8283e-03 1.0000e+03
1.8154e-01 2.0275e+03 -2.5490e+00 6.8209e-03 1.0000e+03
1.9163e-01 1.9440e+03 -2.6129e+00 6.8158e-03 1.0000e+03
2.0118e-01 1.8720e+03 -1.9595e+00 6.8079e-03 1.0000e+03
2.1092e-01 1.8108e+03 -1.7480e+00 6.8006e-03 1.0000e+03
2.2055e-01 1.7561e+03 -2.2699e+00 6.7956e-03 1.0000e+03
2.3026e-01 1.7079e+03 -1.6447e+00 6.7906e-03 1.0000e+03
2.3986e-01 1.6659e+03 -2.1488e+00 6.7862e-03 1.0000e+03
2.5065e-01 1.6221e+03 -2.5479e+00 6.7789e-03 1.0000e+03
2.6026e-01 1.5894e+03 -1.6802e+00 6.7772e-03 1.0000e+03
2.6968e-01 1.5587e+03 -1.9165e+00 6.7715e-03 1.0000e+03
2.7947e-01 1.5310e+03 -1.6014e+00 6.7693e-03 1.0000e+03
2.8914e-01 1.5051e+03 -1.7893e+00 6.7644e-03 1.0000e+03
2.9877e-01 1.4818e+03 -1.1513e+00 6.7610e-03 1.0000e+03
3.0833e-01 1.4616e+03 -2.3006e+00 6.7588e-03 1.0000e+03
3.1825e-01 1.4405e+03 -1.2491e+00 6.7546e-03 1.0000e+03
3.2775e-01 1.4232e+03 -1.5517e+00 6.7514e-03 1.0000e+03
3.3746e-01 1.4062e+03 -1.1940e+00 6.7500e-03 1.0000e+03
3.4714e-01 1.3909e+03 -1.0590e+00 6.7467e-03 1.0000e+03
3.5664e-01 1.3762e+03 -8.9472e-01 6.7433e-03 1.0000e+03
3.6608e-01 1.3634e+03 -1.3124e+00 6.7423e-03 1.0000e+03
3.7598e-01 1.3501e+03 -1.3926e+00 6.7388e-03 1.0000e+03
3.8556e-01 1.3391e+03 -1.5584e+00 6.7389e-03 1.0000e+03
3.9505e-01 1.3284e+03 -1.3454e+00 6.7362e-03 1.0000e+03
4.0477e-01 1.3172e+03 -7.2823e-01 6.7340e-03 1.0000e+03
4.1426e-01 1.3078e+03 -7.0539e-01 6.7322e-03 1.0000e+03
4.2377e-01 1.2989e+03 -9.0298e-01 6.7302e-03 1.0000e+03
4.3336e-01 1.2904e+03 -9.8242e-01 6.7288e-03 1.0000e+03
4.4322e-01 1.2813e+03 -1.3096e+00 6.7262e-03 1.0000e+03
4.5266e-01 1.2739e+03 -7.5820e-01 6.7252e-03 1.0000e+03
4.6231e-01 1.2663e+03 -3.8134e-01 6.7232e-03 1.0000e+03
4.7185e-01 1.2595e+03 -4.6529e-01 6.7218e-03 1.0000e+03
4.8140e-01 1.2528e+03 -1.2449e+00 6.7211e-03 1.0000e+03
4.9190e-01 1.2458e+03 -7.0159e-01 6.7203e-03 1.0000e+03
5.0153e-01 1.2395e+03 -8.5786e-01 6.7191e-03 1.0000e+03
5.1118e-01 1.2337e+03 -1.2403e+00 6.7177e-03 1.0000e+03
5.2056e-01 1.2284e+03 -5.6854e-01 6.7169e-03 1.0000e+03
5.3033e-01 1.2231e+03 -3.0728e-01 6.7137e-03 1.0000e+03
5.3993e-01 1.2185e+03 -1.6777e-01 6.7137e-03 1.0000e+03
5.4938e-01 1.2142e+03 -1.3821e-01 6.7126e-03 1.0000e+03
5.5894e-01 1.2101e+03 -2.6407e-01 6.7120e-03 1.0000e+03
5.6848e-01 1.2058e+03 -6.6735e-01 6.7107e-03 1.0000e+03
5.7798e-01 1.2015e+03 -5.0501e-01 6.7101e-03 1.0000e+03
5.8756e-01 1.1977e+03 -2.4303e-01 6.7104e-03 1.0000e+03
5.9717e-01 1.1933e+03 -3.1998e-01 6.7080e-03 1.0000e+03
6.0674e-01 1.1898e+03 -5.8392e-01 6.7079e-03 1.0000e+03
6.1614e-01 1.1864e+03 -1.2186e-01 6.7074e-03 1.0000e+03
6.2593e-01 1.1821e+03 -4.0807e-01 6.7051e-03 1.0000e+03
6.3540e-01 1.1791e+03 -4.4627e-01 6.7052e-03 1.0000e+03
6.4497e-01 1.1755e+03 -1.7226e-01 6.7038e-03 1.0000e+03
6.5458e-01 1.1725e+03 -3.7368e-01 6.7040e-03 1.0000e+03
6.6403e-01 1.1694e+03 -4.3587e-01 6.7035e-03 1.0000e+03
6.7354e-01 1.1662e+03 -2.8110e-01 6.7022e-03 1.0000e+03
6.8331e-01 1.1641e+03 1.4192e-01 6.7024e-03 1.0000e+03
6.9274e-01 1.1599e+03 -1.3746e-01 6.7000e-03 1.0000e+03
7.0226e-01 1.1573e+03 -1.3996e-01 6.7002e-03 1.0000e+03
7.1195e-01 1.1545e+03 -1.2819e-01 6.6992e-03 1.0000e+03
7.2234e-01 1.1515e+03 -3.6187e-01 6.6980e-03 1.0000e+03
7.3183e-01 1.1489e+03 -1.6976e-01 6.6973e-03 1.0000e+03
7.4166e-01 1.1467e+03 -3.5634e-01 6.6970e-03 1.0000e+03
7.5106e-01 1.1441e+03 -1.7030e-01 6.6958e-03 1.0000e+03
7.6038e-01 1.1418e+03 -2.5615e-01 6.6960e-03 1.0000e+03
7.7010e-01 1.1399e+03 6.4141e-02 6.6945e-03 1.0000e+03
7.7967e-01 1.1377e+03 -6.0499e-02 6.6956e-03 1.0000e+03
7.8906e-01 1.1357e+03 -5.2389e-01 6.6944e-03 1.0000e+03
7.9862e-01 1.1336e+03 -2.8571e-01 6.6941e-03 1.0000e+03
8.0835e-01 1.1313e+03 1.9072e-01 6.6932e-03 1.0000e+03
8.1778e-01 1.1296e+03 -1.9889e-01 6.6924e-03 1.0000e+03
8.2734e-01 1.1273e+03 1.3273e-01 6.6913e-03 1.0000e+03
8.3694e-01 1.1259e+03 -1.6377e-01 6.6918e-03 1.0000e+03
8.4646e-01 1.1246e+03 -1.5521e-01 6.6922e-03 1.0000e+03
8.5598e-01 1.1222e+03 -2.3171e-01 6.6908e-03 1.0000e+03
8.6561e-01 1.1207e+03 -3.0380e-01 6.6909e-03 1.0000e+03
8.7510e-01 1.1189e+03 2.3742e-01 6.6898e-03 1.0000e+03
8.8454e-01 1.1176e+03 8.8157e-02 6.6900e-03 1.0000e+03
8.9418e-01 1.1155e+03 8.0048e-02 6.6891e-03 1.0000e+03
9.0362e-01 1.1141e+03 -5.0925e-02 6.6890e-03 1.0000e+03
9.1308e-01 1.1130e+03 -1.1124e-01 6.6893e-03 1.0000e+03
9.2258e-01 1.1115e+03 6.8834e-02 6.6886e-03 1.0000e+03
9.3231e-01 1.1097e+03 -6.1827e-02 6.6870e-03 1.0000e+03
9.4195e-01 1.1084e+03 3.5161e-02 6.6878e-03 1.0000e+03
9.5126e-01 1.1070e+03 3.2891e-01 6.6868e-03 1.0000e+03
9.6187e-01 1.1055e+03 3.6349e-01 6.6872e-03 1.0000e+03
9.7130e-01 1.1044e+03 -5.9209e-02 6.6856e-03 1.0000e+03
9.7130e-01 1.1045e+03 4.3620e-01 6.6866e-03 1.0000e+03
9.6190e-01 1.1056e+03 -9.8748e-02 6.6867e-03 1.0000e+03
9.5135e-01 1.1070e+03 1.8212e-01 6.6867e-03 1.0000e+03
9.4186e-01 1.1086e+03 1.0096e-01 6.6878e-03 1.0000e+03
9.3231e-01 1.1098e+03 5.2734e-01 6.6874e-03 1.0000e+03
9.2263e-01 1.1117e+03 -1.3507e-01 6.6875e-03 1.0000e+03
9.1306e-01 1.1128e+03 -2.8615e-01 6.6889e-03 1.0000e+03
9.0367e-01 1.1140e+03 -2.9526e-01 6.6890e-03 1.0000e+03
8.9426e-01 1.1160e+03 -2.8038e-01 6.6896e-03 1.0000e+03
8.8462e-01 1.1173e+03 3.2292e-01 6.6893e-03 1.0000e+03
8.7511e-01 1.1190e+03 1.0182e-01 6.6896e-03 1.0000e+03
8.6570e-01 1.1210e+03 -6.8746e-03 6.6920e-03 1.0000e+03
8.5591e-01 1.1222e+03 -1.6171e-01 6.6913e-03 1.0000e+03
8.4648e-01 1.1239e+03 -2.7522e-01 6.6913e-03 1.0000e+03
8.3694e-01 1.1256e+03 1.3525e-01 6.6920e-03 1.0000e+03
8.2730e-01 1.1276e+03 -2.8388e-01 6.6932e-03 1.0000e+03
8.1784e-01 1.1293e+03 -3.3112e-01 6.6931e-03 1.0000e+03
8.0843e-01 1.1318e+03 -1.3449e-01 6.6943e-03 1.0000e+03
7.9856e-01 1.1335e+03 -1.9775e-01 6.6948e-03 1.0000e+03
7.8918e-01 1.1355e+03 -2.3015e-02 6.6952e-03 1.0000e+03
7.7962e-01 1.1372e+03 -3.1641e-01 6.6950e-03 1.0000e+03
7.7002e-01 1.1395e+03 -6.5940e-02 6.6950e-03 1.0000e+03
7.6051e-01 1.1421e+03 -5.9921e-02 6.6960e-03 1.0000e+03
7.5107e-01 1.1441e+03 -5.2556e-01 6.6968e-03 1.0000e+03
7.4156e-01 1.1467e+03 2.7984e-02 6.6975e-03 1.0000e+03
7.3182e-01 1.1489e+03 6.5949e-02 6.6974e-03 1.0000e+03
7.2233e-01 1.1512e+03 2.8038e-01 6.6979e-03 1.0000e+03
7.1189e-01 1.1540e+03 -1.2272e-01 6.6995e-03 1.0000e+03
7.0232e-01 1.1568e+03 -5.0633e-02 6.6999e-03 1.0000e+03
6.9290e-01 1.1595e+03 -3.2167e-01 6.6999e-03 1.0000e+03
6.8324e-01 1.1624e+03 -1.1468e-01 6.7017e-03 1.0000e+03
6.7357e-01 1.1658e+03 -2.3107e-01 6.7020e-03 1.0000e+03
6.6409e-01 1.1682e+03 -4.2020e-01 6.7025e-03 1.0000e+03
6.5460e-01 1.1715e+03 -2.2338e-01 6.7031e-03 1.0000e+03
6.4492e-01 1.1747e+03 -2.4964e-01 6.7042e-03 1.0000e+03
6.3538e-01 1.1781e+03 -2.9500e-01 6.7052e-03 1.0000e+03
6.2595e-01 1.1815e+03 -2.0426e-01 6.7064e-03 1.0000e+03
6.1614e-01 1.1849e+03 -4.8236e-01 6.7057e-03 1.0000e+03
6.0670e-01 1.1887e+03 -4.2115e-01 6.7067e-03 1.0000e+03
5.9714e-01 1.1930e+03 -1.4902e-01 6.7089e-03 1.0000e+03
5.8758e-01 1.1962e+03 -4.5790e-01 6.7088e-03 1.0000e+03
5.7801e-01 1.2008e+03 -5.8648e-01 6.7088e-03 1.0000e+03
5.6857e-01 1.2047e+03 -4.5878e-01 6.7097e-03 1.0000e+03
5.5902e-01 1.2091e+03 -7.7936e-01 6.7112e-03 1.0000e+03
5.4932e-01 1.2143e+03 -8.0693e-01 6.7124e-03 1.0000e+03
5.3981e-01 1.2187e+03 -6.4012e-01 6.7142e-03 1.0000e+03
5.3034e-01 1.2244e+03 -7.6607e-01 6.7155e-03 1.0000e+03
5.2063e-01 1.2294e+03 -4.3242e-01 6.7153e-03 1.0000e+03
5.1129e-01 1.2351e+03 -6.1709e-01 6.7181e-03 1.0000e+03
5.0162e-01 1.2408e+03 -8.8424e-01 6.7183e-03 1.0000e+03
4.9191e-01 1.2469e+03 -7.7664e-01 6.7200e-03 1.0000e+03
4.8145e-01 1.2537e+03 -9.5003e-01 6.7203e-03 1.0000e+03
4.7188e-01 1.2602e+03 -1.6580e-01 6.7221e-03 1.0000e+03
4.6224e-01 1.2677e+03 -2.3459e-01 6.7234e-03 1.0000e+03
4.5268e-01 1.2749e+03 -1.0081e+00 6.7250e-03 1.0000e+03
4.4329e-01 1.2827e+03 -5.6936e-01 6.7267e-03 1.0000e+03
4.3331e-01 1.2913e+03 -1.3848e+00 6.7299e-03 1.0000e+03
4.2381e-01 1.2995e+03 -6.3547e-01 6.7301e-03 1.0000e+03
4.1434e-01 1.3091e+03 -1.5436e+00 6.7326e-03 1.0000e+03
4.0474e-01 1.3184e+03 -8.3442e-01 6.7334e-03 1.0000e+03
3.9514e-01 1.3295e+03 -1.1203e+00 6.7365e-03 1.0000e+03
3.8554e-01 1.3396e+03 -7.8176e-01 6.7371e-03 1.0000e+03
3.7594e-01 1.3520e+03 -8.9177e-01 6.7408e-03 1.0000e+03
3.6630e-01 1.3638e+03 -1.4509e+00 6.7420e-03 1.0000e+03
3.5668e-01 1.3775e+03 -1.1218e+00 6.7448e-03 1.0000e+03
3.4711e-01 1.3917e+03 -1.2069e+00 6.7466e-03 1.0000e+03
3.3740e-01 1.4075e+03 -1.1234e+00 6.7492e-03 1.0000e+03
3.2778e-01 1.4241e+03 -1.1589e+00 6.7515e-03 1.0000e+03
3.1834e-01 1.4418e+03 -1.2726e+00 6.7554e-03 1.0000e+03
3.0834e-01 1.4623e+03 -1.4877e+00 6.7586e-03 1.0000e+03
2.9881e-01 1.4830e+03 -1.6950e+00 6.7608e-03 1.0000e+03
2.8924e-01 1.5060e+03 -1.1885e+00 6.7649e-03 1.0000e+03
2.7948e-01 1.5322e+03 -1.5104e+00 6.7672e-03 1.0000e+03
2.6988e-01 1.5600e+03 -1.9983e+00 6.7717e-03 1.0000e+03
2.6022e-01 1.5907e+03 -1.9409e+00 6.7762e-03 1.0000e+03
2.5064e-01 1.6247e+03 -1.3941e+00 6.7809e-03 1.0000e+03
2.3981e-01 1.6672e+03 -2.0964e+00 6.7858e-03 1.0000e+03
2.3018e-01 1.7094e+03 -1.8422e+00 6.7904e-03 1.0000e+03
2.2063e-01 1.7575e+03 -2.4573e+00 6.7957e-03 1.0000e+03
2.1084e-01 1.8136e+03 -2.0583e+00 6.8016e-03 1.0000e+03
2.0130e-01 1.8739e+03 -1.7501e+00 6.8069e-03 1.0000e+03
1.9162e-01 1.9458e+03 -2.5586e+00 6.8140e-03 1.0000e+03
1.8155e-01 2.0298e+03 -1.7990e+00 6.8205e-03 1.0000e+03
1.7198e-01 2.1248e+03 -2.3991e+00 6.8292e-03 1.0000e+03
1.6223e-01 2.2368e+03 -2.3600e+00 6.8367e-03 1.0000e+03
1.5247e-01 2.3696e+03 -2.6257e+00 6.8447e-03 1.0000e+03
1.4278e-01 2.5244e+03 -2.7659e+00 6.8532e-03 1.0000e+03
1.3307e-01 2.7102e+03 -4.2856e+00 6.8625e-03 1.0000e+03
1.2300e-01 2.9400e+03 -3.6900e+00 6.8726e-03 1.0000e+03
1.1326e-01 3.2141e+03 -4.0380e+00 6.8825e-03 1.0000e+03
1.0353e-01 3.5496e+03 -4.1581e+00 6.8928e-03 1.0000e+03
9.3600e-02 3.9717e+03 -4.6592e+00 6.9035e-03 1.0000e+03
8.3720e-02 4.4872e+03 -2.1577e+00 6.9113e-03 1.0000e+03
7.3960e-02 5.1309e+03 -2.7200e+00 6.9224e-03 1.0000e+03
6.4232e-02 5.9402e+03 -5.2968e+00 6.9318e-03 1.0000e+03
5.4384e-02 6.9482e+03 -2.7640e+00 6.9406e-03 1.0000e+03
4.4472e-02 8.2019e+03 -2.5929e+00 6.9467e-03 1.0000e+03
3.4736e-02 9.7610e+03 -4.2013e+00 6.9535e-03 1.0000e+03
2.4576e-02 1.1706e+04 9.5367e-01 6.9601e-03 1.0000e+03
1.4800e-02 1.4001e+04 5.7581e+00 6.9652e-03 1.0000e+03
4.9040e-03 1.6712e+04 2.1067e+00 6.9687e-03 1.0000e+03




