  Measurement Number     Measurement type
                   3           CVSweepNew

      Measurement ID             SeriesID
       739662.670235                    0

         MeasureMode                Start                 Stop
                   1                    0                    1

                Step           Sweep mode            Frequency
                0.01                    3               100000

            AC level                Abort          After abort
                0.01                    0                    1

           Hold time           Delay time      Stop delay time
                   0                    0                    0

  RealMeasuredPoints
                 202

     Voltage   Resistance    Reactance      ACLevel    Frequency
5.0880e-03 1.6490e+04 1.2176e+03 6.9371e-03 1.0000e+05
1.4928e-02 1.3796e+04 9.9885e+02 6.9320e-03 1.0000e+05
2.4808e-02 1.1547e+04 8.5405e+02 6.9269e-03 1.0000e+05
3.4576e-02 9.6196e+03 7.1585e+02 6.9225e-03 1.0000e+05
4.5184e-02 8.0927e+03 5.9742e+02 6.9147e-03 1.0000e+05
5.4424e-02 6.8345e+03 5.0764e+02 6.9063e-03 1.0000e+05
6.4360e-02 5.8357e+03 4.3362e+02 6.9000e-03 1.0000e+05
7.4080e-02 5.0327e+03 3.6574e+02 6.8904e-03 1.0000e+05
8.4096e-02 4.4063e+03 3.1501e+02 6.8798e-03 1.0000e+05
9.3648e-02 3.8931e+03 2.7412e+02 6.8722e-03 1.0000e+05
1.0377e-01 3.4770e+03 2.3636e+02 6.8612e-03 1.0000e+05
1.1335e-01 3.1459e+03 2.0955e+02 6.8485e-03 1.0000e+05
1.2331e-01 2.8755e+03 1.8796e+02 6.8406e-03 1.0000e+05
1.3310e-01 2.6487e+03 1.6845e+02 6.8294e-03 1.0000e+05
1.4306e-01 2.4663e+03 1.5290e+02 6.8198e-03 1.0000e+05
1.5247e-01 2.3125e+03 1.4016e+02 6.8112e-03 1.0000e+05
1.6259e-01 2.1819e+03 1.2772e+02 6.8041e-03 1.0000e+05
1.7227e-01 2.0724e+03 1.1927e+02 6.7944e-03 1.0000e+05
1.8199e-01 1.9801e+03 1.1113e+02 6.7867e-03 1.0000e+05
1.9163e-01 1.8970e+03 1.0506e+02 6.7807e-03 1.0000e+05
2.0162e-01 1.8272e+03 9.9019e+01 6.7736e-03 1.0000e+05
2.1102e-01 1.7678e+03 9.4092e+01 6.7674e-03 1.0000e+05
2.2095e-01 1.7143e+03 8.9976e+01 6.7615e-03 1.0000e+05
2.3047e-01 1.6664e+03 8.6867e+01 6.7558e-03 1.0000e+05
2.4008e-01 1.6253e+03 8.1716e+01 6.7510e-03 1.0000e+05
2.5088e-01 1.5831e+03 7.9118e+01 6.7459e-03 1.0000e+05
2.6058e-01 1.5496e+03 7.6948e+01 6.7397e-03 1.0000e+05
2.6989e-01 1.5205e+03 7.4131e+01 6.7355e-03 1.0000e+05
2.7985e-01 1.4948e+03 7.2206e+01 6.7337e-03 1.0000e+05
2.8941e-01 1.4694e+03 7.0105e+01 6.7295e-03 1.0000e+05
2.9896e-01 1.4466e+03 6.8363e+01 6.7250e-03 1.0000e+05
3.0867e-01 1.4267e+03 6.6408e+01 6.7225e-03 1.0000e+05
3.1825e-01 1.4068e+03 6.5941e+01 6.7206e-03 1.0000e+05
3.2825e-01 1.3898e+03 6.3591e+01 6.7173e-03 1.0000e+05
3.3747e-01 1.3735e+03 6.2754e+01 6.7155e-03 1.0000e+05
3.4734e-01 1.3596e+03 6.1466e+01 6.7120e-03 1.0000e+05
3.5664e-01 1.3454e+03 6.1003e+01 6.7090e-03 1.0000e+05
3.6668e-01 1.3326e+03 5.9910e+01 6.7057e-03 1.0000e+05
3.7601e-01 1.3207e+03 5.8640e+01 6.7051e-03 1.0000e+05
3.8580e-01 1.3092e+03 5.8656e+01 6.7022e-03 1.0000e+05
3.9506e-01 1.2984e+03 5.7531e+01 6.6998e-03 1.0000e+05
4.0502e-01 1.2890e+03 5.7133e+01 6.6986e-03 1.0000e+05
4.1422e-01 1.2804e+03 5.6319e+01 6.6968e-03 1.0000e+05
4.2405e-01 1.2708e+03 5.6027e+01 6.6940e-03 1.0000e+05
4.3348e-01 1.2631e+03 5.5503e+01 6.6932e-03 1.0000e+05
4.4346e-01 1.2549e+03 5.3582e+01 6.6907e-03 1.0000e+05
4.5300e-01 1.2480e+03 5.4617e+01 6.6916e-03 1.0000e+05
4.6240e-01 1.2403e+03 5.4167e+01 6.6888e-03 1.0000e+05
4.7218e-01 1.2338e+03 5.3008e+01 6.6867e-03 1.0000e+05
4.8157e-01 1.2283e+03 5.2526e+01 6.6848e-03 1.0000e+05
4.9218e-01 1.2214e+03 5.2393e+01 6.6835e-03 1.0000e+05
5.0186e-01 1.2162e+03 5.2030e+01 6.6851e-03 1.0000e+05
5.1155e-01 1.2105e+03 5.1539e+01 6.6826e-03 1.0000e+05
5.2070e-01 1.2050e+03 5.1394e+01 6.6815e-03 1.0000e+05
5.3082e-01 1.2004e+03 5.1364e+01 6.6813e-03 1.0000e+05
5.4019e-01 1.1947e+03 5.0891e+01 6.6785e-03 1.0000e+05
5.4975e-01 1.1909e+03 5.0703e+01 6.6780e-03 1.0000e+05
5.5899e-01 1.1871e+03 5.0351e+01 6.6772e-03 1.0000e+05
5.6894e-01 1.1830e+03 4.9873e+01 6.6777e-03 1.0000e+05
5.7818e-01 1.1785e+03 4.9983e+01 6.6740e-03 1.0000e+05
5.8814e-01 1.1753e+03 4.9429e+01 6.6760e-03 1.0000e+05
5.9746e-01 1.1704e+03 4.9819e+01 6.6737e-03 1.0000e+05
6.0688e-01 1.1675e+03 4.9116e+01 6.6743e-03 1.0000e+05
6.1628e-01 1.1640e+03 4.8954e+01 6.6702e-03 1.0000e+05
6.2627e-01 1.1609e+03 4.9322e+01 6.6713e-03 1.0000e+05
6.3573e-01 1.1578e+03 4.8648e+01 6.6697e-03 1.0000e+05
6.4515e-01 1.1552e+03 4.8615e+01 6.6694e-03 1.0000e+05
6.5494e-01 1.1520e+03 4.8993e+01 6.6690e-03 1.0000e+05
6.6431e-01 1.1485e+03 4.7984e+01 6.6678e-03 1.0000e+05
6.7390e-01 1.1458e+03 4.7997e+01 6.6672e-03 1.0000e+05
6.8350e-01 1.1435e+03 4.8279e+01 6.6649e-03 1.0000e+05
6.9316e-01 1.1410e+03 4.8138e+01 6.6655e-03 1.0000e+05
7.0248e-01 1.1388e+03 4.7885e+01 6.6673e-03 1.0000e+05
7.1227e-01 1.1360e+03 4.7353e+01 6.6650e-03 1.0000e+05
7.2254e-01 1.1336e+03 4.7420e+01 6.6646e-03 1.0000e+05
7.3224e-01 1.1316e+03 4.7294e+01 6.6642e-03 1.0000e+05
7.4183e-01 1.1285e+03 4.7526e+01 6.6626e-03 1.0000e+05
7.5148e-01 1.1268e+03 4.7352e+01 6.6632e-03 1.0000e+05
7.6049e-01 1.1246e+03 4.7413e+01 6.6617e-03 1.0000e+05
7.7034e-01 1.1228e+03 4.7041e+01 6.6614e-03 1.0000e+05
7.7985e-01 1.1206e+03 4.6875e+01 6.6622e-03 1.0000e+05
7.8957e-01 1.1184e+03 4.7170e+01 6.6599e-03 1.0000e+05
7.9886e-01 1.1173e+03 4.7403e+01 6.6611e-03 1.0000e+05
8.0863e-01 1.1150e+03 4.7234e+01 6.6598e-03 1.0000e+05
8.1810e-01 1.1130e+03 4.6605e+01 6.6579e-03 1.0000e+05
8.2782e-01 1.1118e+03 4.6652e+01 6.6580e-03 1.0000e+05
8.3729e-01 1.1101e+03 4.6400e+01 6.6598e-03 1.0000e+05
8.4684e-01 1.1087e+03 4.6570e+01 6.6598e-03 1.0000e+05
8.5623e-01 1.1066e+03 4.5976e+01 6.6570e-03 1.0000e+05
8.6590e-01 1.1052e+03 4.6554e+01 6.6576e-03 1.0000e+05
8.7558e-01 1.1036e+03 4.6375e+01 6.6564e-03 1.0000e+05
8.8472e-01 1.1030e+03 4.6249e+01 6.6558e-03 1.0000e+05
8.9457e-01 1.1012e+03 4.6683e+01 6.6559e-03 1.0000e+05
9.0381e-01 1.0994e+03 4.6478e+01 6.6561e-03 1.0000e+05
9.1346e-01 1.0988e+03 4.6066e+01 6.6561e-03 1.0000e+05
9.2266e-01 1.0972e+03 4.6245e+01 6.6554e-03 1.0000e+05
9.3288e-01 1.0957e+03 4.6086e+01 6.6547e-03 1.0000e+05
9.4210e-01 1.0944e+03 4.6032e+01 6.6535e-03 1.0000e+05
9.5167e-01 1.0935e+03 4.5867e+01 6.6540e-03 1.0000e+05
9.6197e-01 1.0927e+03 4.6341e+01 6.6550e-03 1.0000e+05
9.7182e-01 1.0918e+03 4.5946e+01 6.6547e-03 1.0000e+05
9.7140e-01 1.0907e+03 4.5877e+01 6.6534e-03 1.0000e+05
9.6209e-01 1.0916e+03 4.6272e+01 6.6544e-03 1.0000e+05
9.5126e-01 1.0939e+03 4.6140e+01 6.6549e-03 1.0000e+05
9.4216e-01 1.0943e+03 4.6407e+01 6.6533e-03 1.0000e+05
9.3243e-01 1.0960e+03 4.6125e+01 6.6555e-03 1.0000e+05
9.2294e-01 1.0973e+03 4.6616e+01 6.6539e-03 1.0000e+05
9.1319e-01 1.0984e+03 4.6305e+01 6.6558e-03 1.0000e+05
9.0380e-01 1.0999e+03 4.6081e+01 6.6549e-03 1.0000e+05
8.9414e-01 1.1013e+03 4.6606e+01 6.6562e-03 1.0000e+05
8.8478e-01 1.1026e+03 4.6673e+01 6.6569e-03 1.0000e+05
8.7511e-01 1.1039e+03 4.5960e+01 6.6581e-03 1.0000e+05
8.6577e-01 1.1058e+03 4.6486e+01 6.6580e-03 1.0000e+05
8.5596e-01 1.1071e+03 4.6500e+01 6.6572e-03 1.0000e+05
8.4668e-01 1.1089e+03 4.6507e+01 6.6581e-03 1.0000e+05
8.3716e-01 1.1104e+03 4.6486e+01 6.6587e-03 1.0000e+05
8.2765e-01 1.1121e+03 4.7127e+01 6.6600e-03 1.0000e+05
8.1793e-01 1.1126e+03 4.6636e+01 6.6580e-03 1.0000e+05
8.0862e-01 1.1153e+03 4.7074e+01 6.6596e-03 1.0000e+05
7.9882e-01 1.1170e+03 4.7011e+01 6.6610e-03 1.0000e+05
7.8920e-01 1.1192e+03 4.6594e+01 6.6609e-03 1.0000e+05
7.7999e-01 1.1202e+03 4.7178e+01 6.6606e-03 1.0000e+05
7.7024e-01 1.1224e+03 4.7668e+01 6.6612e-03 1.0000e+05
7.6064e-01 1.1246e+03 4.7496e+01 6.6625e-03 1.0000e+05
7.5115e-01 1.1273e+03 4.6778e+01 6.6635e-03 1.0000e+05
7.4174e-01 1.1291e+03 4.7441e+01 6.6641e-03 1.0000e+05
7.3203e-01 1.1308e+03 4.7629e+01 6.6641e-03 1.0000e+05
7.2279e-01 1.1327e+03 4.7310e+01 6.6629e-03 1.0000e+05
7.1213e-01 1.1364e+03 4.7606e+01 6.6655e-03 1.0000e+05
7.0268e-01 1.1384e+03 4.7784e+01 6.6650e-03 1.0000e+05
6.9286e-01 1.1404e+03 4.7821e+01 6.6660e-03 1.0000e+05
6.8358e-01 1.1434e+03 4.7987e+01 6.6673e-03 1.0000e+05
6.7371e-01 1.1461e+03 4.7989e+01 6.6677e-03 1.0000e+05
6.6426e-01 1.1487e+03 4.8435e+01 6.6693e-03 1.0000e+05
6.5466e-01 1.1518e+03 4.8240e+01 6.6683e-03 1.0000e+05
6.4510e-01 1.1551e+03 4.8623e+01 6.6698e-03 1.0000e+05
6.3537e-01 1.1577e+03 4.8769e+01 6.6702e-03 1.0000e+05
6.2611e-01 1.1602e+03 4.8505e+01 6.6694e-03 1.0000e+05
6.1638e-01 1.1635e+03 4.9088e+01 6.6706e-03 1.0000e+05
6.0698e-01 1.1679e+03 4.9615e+01 6.6730e-03 1.0000e+05
5.9746e-01 1.1708e+03 4.9743e+01 6.6735e-03 1.0000e+05
5.8758e-01 1.1747e+03 4.9712e+01 6.6737e-03 1.0000e+05
5.7840e-01 1.1780e+03 5.0142e+01 6.6758e-03 1.0000e+05
5.6868e-01 1.1821e+03 5.0016e+01 6.6748e-03 1.0000e+05
5.5926e-01 1.1868e+03 5.0355e+01 6.6776e-03 1.0000e+05
5.4939e-01 1.1908e+03 5.0691e+01 6.6782e-03 1.0000e+05
5.4018e-01 1.1952e+03 5.0953e+01 6.6790e-03 1.0000e+05
5.3043e-01 1.2005e+03 5.1126e+01 6.6801e-03 1.0000e+05
5.2109e-01 1.2054e+03 5.1282e+01 6.6820e-03 1.0000e+05
5.1116e-01 1.2104e+03 5.2222e+01 6.6825e-03 1.0000e+05
5.0196e-01 1.2156e+03 5.1828e+01 6.6835e-03 1.0000e+05
4.9203e-01 1.2213e+03 5.2461e+01 6.6855e-03 1.0000e+05
4.8166e-01 1.2276e+03 5.3455e+01 6.6868e-03 1.0000e+05
4.7198e-01 1.2339e+03 5.2853e+01 6.6874e-03 1.0000e+05
4.6260e-01 1.2411e+03 5.3635e+01 6.6886e-03 1.0000e+05
4.5281e-01 1.2476e+03 5.4391e+01 6.6897e-03 1.0000e+05
4.4336e-01 1.2547e+03 5.4262e+01 6.6917e-03 1.0000e+05
4.3322e-01 1.2631e+03 5.5832e+01 6.6932e-03 1.0000e+05
4.2411e-01 1.2712e+03 5.5636e+01 6.6950e-03 1.0000e+05
4.1430e-01 1.2799e+03 5.6169e+01 6.6971e-03 1.0000e+05
4.0475e-01 1.2894e+03 5.6565e+01 6.6984e-03 1.0000e+05
3.9523e-01 1.2992e+03 5.6963e+01 6.7017e-03 1.0000e+05
3.8566e-01 1.3083e+03 5.8823e+01 6.7017e-03 1.0000e+05
3.7620e-01 1.3209e+03 5.8790e+01 6.7037e-03 1.0000e+05
3.6623e-01 1.3327e+03 6.0330e+01 6.7075e-03 1.0000e+05
3.5687e-01 1.3455e+03 6.1078e+01 6.7100e-03 1.0000e+05
3.4714e-01 1.3586e+03 6.1388e+01 6.7107e-03 1.0000e+05
3.3762e-01 1.3739e+03 6.3146e+01 6.7150e-03 1.0000e+05
3.2792e-01 1.3905e+03 6.3777e+01 6.7174e-03 1.0000e+05
3.1858e-01 1.4071e+03 6.5239e+01 6.7195e-03 1.0000e+05
3.0823e-01 1.4262e+03 6.6943e+01 6.7224e-03 1.0000e+05
2.9908e-01 1.4459e+03 6.8435e+01 6.7225e-03 1.0000e+05
2.8921e-01 1.4689e+03 7.0096e+01 6.7295e-03 1.0000e+05
2.7969e-01 1.4942e+03 7.1965e+01 6.7322e-03 1.0000e+05
2.6994e-01 1.5217e+03 7.4325e+01 6.7384e-03 1.0000e+05
2.6052e-01 1.5511e+03 7.6641e+01 6.7424e-03 1.0000e+05
2.5070e-01 1.5838e+03 7.9018e+01 6.7448e-03 1.0000e+05
2.4012e-01 1.6259e+03 8.2646e+01 6.7524e-03 1.0000e+05
2.3023e-01 1.6664e+03 8.6055e+01 6.7559e-03 1.0000e+05
2.2087e-01 1.7145e+03 9.0042e+01 6.7610e-03 1.0000e+05
2.1083e-01 1.7688e+03 9.4212e+01 6.7680e-03 1.0000e+05
2.0147e-01 1.8299e+03 9.9607e+01 6.7746e-03 1.0000e+05
1.9167e-01 1.8991e+03 1.0444e+02 6.7797e-03 1.0000e+05
1.8170e-01 1.9827e+03 1.1166e+02 6.7867e-03 1.0000e+05
1.7213e-01 2.0750e+03 1.1979e+02 6.7958e-03 1.0000e+05
1.6238e-01 2.1852e+03 1.2965e+02 6.8033e-03 1.0000e+05
1.5264e-01 2.3170e+03 1.3928e+02 6.8105e-03 1.0000e+05
1.4271e-01 2.4698e+03 1.5195e+02 6.8210e-03 1.0000e+05
1.3327e-01 2.6528e+03 1.6913e+02 6.8291e-03 1.0000e+05
1.2301e-01 2.8841e+03 1.8723e+02 6.8391e-03 1.0000e+05
1.1344e-01 3.1568e+03 2.1063e+02 6.8515e-03 1.0000e+05
1.0372e-01 3.4879e+03 2.3841e+02 6.8610e-03 1.0000e+05
9.3816e-02 3.9090e+03 2.7443e+02 6.8696e-03 1.0000e+05
8.3992e-02 4.4241e+03 3.1556e+02 6.8813e-03 1.0000e+05
7.4296e-02 5.0608e+03 3.7017e+02 6.8900e-03 1.0000e+05
6.4240e-02 5.8713e+03 4.3102e+02 6.8986e-03 1.0000e+05
5.4464e-02 6.8804e+03 5.1218e+02 6.9076e-03 1.0000e+05
4.4472e-02 8.1365e+03 6.0352e+02 6.9122e-03 1.0000e+05
3.4864e-02 9.6873e+03 7.2805e+02 6.9225e-03 1.0000e+05
2.4432e-02 1.1629e+04 8.5188e+02 6.9273e-03 1.0000e+05
1.4896e-02 1.3920e+04 1.0002e+03 6.9331e-03 1.0000e+05
4.9520e-03 1.6640e+04 1.1724e+03 6.9372e-03 1.0000e+05




