  Measurement Number     Measurement type
                   2           CVSweepNew

      Measurement ID             SeriesID
       739662.652048                    0

         MeasureMode                Start                 Stop
                   1                    0                    1

                Step           Sweep mode            Frequency
                0.01                    3               100000

            AC level                Abort          After abort
                0.01                    0                    1

           Hold time           Delay time      Stop delay time
                   0                    0                    0

  RealMeasuredPoints
                 202

     Voltage   Resistance    Reactance      ACLevel    Frequency
3.2160e-03 5.0342e+04 -5.4217e+03 6.9632e-03 1.0000e+05
1.3792e-02 5.1133e+04 -5.8924e+03 6.9622e-03 1.0000e+05
2.3592e-02 5.2135e+04 -5.7762e+03 6.9635e-03 1.0000e+05
3.4008e-02 5.3139e+04 -6.0926e+03 6.9642e-03 1.0000e+05
4.3816e-02 5.3933e+04 -5.8903e+03 6.9642e-03 1.0000e+05
5.3728e-02 5.4772e+04 -6.3991e+03 6.9652e-03 1.0000e+05
6.3464e-02 5.6384e+04 -6.4448e+03 6.9631e-03 1.0000e+05
7.3536e-02 5.7199e+04 -6.9490e+03 6.9626e-03 1.0000e+05
8.3272e-02 5.8224e+04 -7.7760e+03 6.9651e-03 1.0000e+05
9.3352e-02 5.9048e+04 -7.6829e+03 6.9635e-03 1.0000e+05
1.0340e-01 6.0138e+04 -7.6184e+03 6.9652e-03 1.0000e+05
1.1323e-01 6.1364e+04 -7.6640e+03 6.9638e-03 1.0000e+05
1.2312e-01 6.2549e+04 -7.8779e+03 6.9644e-03 1.0000e+05
1.3322e-01 6.4152e+04 -8.5359e+03 6.9634e-03 1.0000e+05
1.4322e-01 6.5095e+04 -8.8219e+03 6.9650e-03 1.0000e+05
1.5294e-01 6.5999e+04 -8.9007e+03 6.9649e-03 1.0000e+05
1.6312e-01 6.7144e+04 -9.0217e+03 6.9642e-03 1.0000e+05
1.7299e-01 6.8477e+04 -9.4261e+03 6.9649e-03 1.0000e+05
1.8302e-01 7.0579e+04 -9.4814e+03 6.9639e-03 1.0000e+05
1.9294e-01 7.1928e+04 -1.0350e+04 6.9662e-03 1.0000e+05
2.0306e-01 7.2351e+04 -1.1089e+04 6.9654e-03 1.0000e+05
2.1260e-01 7.3084e+04 -1.0531e+04 6.9657e-03 1.0000e+05
2.2321e-01 7.5477e+04 -1.1018e+04 6.9658e-03 1.0000e+05
2.3278e-01 7.6087e+04 -1.0816e+04 6.9639e-03 1.0000e+05
2.4277e-01 7.7614e+04 -1.1791e+04 6.9659e-03 1.0000e+05
2.5393e-01 7.9142e+04 -1.1704e+04 6.9668e-03 1.0000e+05
2.6401e-01 8.1258e+04 -1.1629e+04 6.9667e-03 1.0000e+05
2.7374e-01 8.2234e+04 -1.2993e+04 6.9658e-03 1.0000e+05
2.8358e-01 8.4395e+04 -1.3466e+04 6.9665e-03 1.0000e+05
2.9362e-01 8.5198e+04 -1.3119e+04 6.9652e-03 1.0000e+05
3.0357e-01 8.6818e+04 -1.2943e+04 6.9675e-03 1.0000e+05
3.1353e-01 8.8956e+04 -1.3023e+04 6.9664e-03 1.0000e+05
3.2355e-01 9.1494e+04 -1.4674e+04 6.9664e-03 1.0000e+05
3.3381e-01 9.2144e+04 -1.5225e+04 6.9664e-03 1.0000e+05
3.4350e-01 9.3814e+04 -1.5407e+04 6.9670e-03 1.0000e+05
3.5393e-01 9.5260e+04 -1.5526e+04 6.9673e-03 1.0000e+05
3.6319e-01 9.5951e+04 -1.5690e+04 6.9668e-03 1.0000e+05
3.7012e-01 9.9194e+04 -1.5647e+04 6.9667e-03 1.0000e+05
3.8129e-01 1.0118e+05 -1.7492e+04 6.9674e-03 1.0000e+05
3.9166e-01 1.0171e+05 -1.7676e+04 6.9659e-03 1.0000e+05
4.0163e-01 1.0375e+05 -1.7096e+04 6.9666e-03 1.0000e+05
4.1194e-01 1.0672e+05 -1.6558e+04 6.9672e-03 1.0000e+05
4.2172e-01 1.0938e+05 -1.7915e+04 6.9664e-03 1.0000e+05
4.3538e-01 1.0952e+05 -1.9836e+04 6.9675e-03 1.0000e+05
4.4408e-01 1.1120e+05 -2.0609e+04 6.9666e-03 1.0000e+05
4.5436e-01 1.1602e+05 -1.9473e+04 6.9672e-03 1.0000e+05
4.6398e-01 1.1733e+05 -2.1100e+04 6.9661e-03 1.0000e+05
4.7424e-01 1.1783e+05 -2.3198e+04 6.9668e-03 1.0000e+05
4.8404e-01 1.2093e+05 -2.2721e+04 6.9659e-03 1.0000e+05
4.9406e-01 1.2344e+05 -2.3049e+04 6.9677e-03 1.0000e+05
5.0470e-01 1.2396e+05 -2.1918e+04 6.9675e-03 1.0000e+05
5.1509e-01 1.2728e+05 -2.2219e+04 6.9665e-03 1.0000e+05
5.2502e-01 1.2884e+05 -2.5751e+04 6.9669e-03 1.0000e+05
5.3482e-01 1.3271e+05 -2.2220e+04 6.9697e-03 1.0000e+05
5.4498e-01 1.3365e+05 -2.6126e+04 6.9670e-03 1.0000e+05
5.5486e-01 1.3642e+05 -2.6085e+04 6.9687e-03 1.0000e+05
5.6494e-01 1.3760e+05 -2.3577e+04 6.9667e-03 1.0000e+05
5.7461e-01 1.4096e+05 -2.9810e+04 6.9689e-03 1.0000e+05
5.8482e-01 1.4226e+05 -3.1197e+04 6.9676e-03 1.0000e+05
5.9458e-01 1.4510e+05 -2.7007e+04 6.9685e-03 1.0000e+05
6.0467e-01 1.4739e+05 -2.8242e+04 6.9676e-03 1.0000e+05
6.1447e-01 1.4836e+05 -3.2607e+04 6.9684e-03 1.0000e+05
6.2463e-01 1.5441e+05 -2.8641e+04 6.9691e-03 1.0000e+05
6.3424e-01 1.5839e+05 -3.2243e+04 6.9685e-03 1.0000e+05
6.4464e-01 1.5525e+05 -3.3101e+04 6.9684e-03 1.0000e+05
6.5437e-01 1.5980e+05 -3.2711e+04 6.9676e-03 1.0000e+05
6.6445e-01 1.6494e+05 -3.4394e+04 6.9679e-03 1.0000e+05
6.7444e-01 1.6215e+05 -3.3081e+04 6.9692e-03 1.0000e+05
6.8439e-01 1.6918e+05 -2.9805e+04 6.9690e-03 1.0000e+05
6.9430e-01 1.7110e+05 -3.8057e+04 6.9682e-03 1.0000e+05
7.0418e-01 1.7294e+05 -3.7170e+04 6.9677e-03 1.0000e+05
7.1436e-01 1.7693e+05 -4.0177e+04 6.9685e-03 1.0000e+05
7.2414e-01 1.8095e+05 -3.6273e+04 6.9697e-03 1.0000e+05
7.3409e-01 1.8200e+05 -4.2661e+04 6.9701e-03 1.0000e+05
7.4526e-01 1.8686e+05 -4.0422e+04 6.9687e-03 1.0000e+05
7.5507e-01 1.9062e+05 -3.8891e+04 6.9695e-03 1.0000e+05
7.6511e-01 1.9300e+05 -4.6844e+04 6.9694e-03 1.0000e+05
7.7523e-01 1.8955e+05 -4.3881e+04 6.9690e-03 1.0000e+05
7.8470e-01 1.9779e+05 -3.7020e+04 6.9685e-03 1.0000e+05
7.9514e-01 2.0191e+05 -4.5219e+04 6.9681e-03 1.0000e+05
8.0491e-01 1.9942e+05 -4.1681e+04 6.9678e-03 1.0000e+05
8.1493e-01 2.0548e+05 -4.7281e+04 6.9680e-03 1.0000e+05
8.2455e-01 2.0747e+05 -5.7633e+04 6.9688e-03 1.0000e+05
8.3497e-01 2.0933e+05 -4.5900e+04 6.9685e-03 1.0000e+05
8.4486e-01 2.1438e+05 -4.7096e+04 6.9688e-03 1.0000e+05
8.5501e-01 2.1436e+05 -5.0001e+04 6.9696e-03 1.0000e+05
8.6462e-01 2.2177e+05 -5.0594e+04 6.9678e-03 1.0000e+05
8.7494e-01 2.2601e+05 -5.0506e+04 6.9683e-03 1.0000e+05
8.8458e-01 2.2473e+05 -5.5708e+04 6.9698e-03 1.0000e+05
8.9478e-01 2.2785e+05 -5.1448e+04 6.9678e-03 1.0000e+05
9.0480e-01 2.3421e+05 -6.2117e+04 6.9698e-03 1.0000e+05
9.1435e-01 2.3762e+05 -5.1507e+04 6.9679e-03 1.0000e+05
9.2487e-01 2.3838e+05 -6.2364e+04 6.9697e-03 1.0000e+05
9.3442e-01 2.4294e+05 -6.7288e+04 6.9698e-03 1.0000e+05
9.4464e-01 2.4775e+05 -5.5636e+04 6.9705e-03 1.0000e+05
9.5419e-01 2.5079e+05 -6.8038e+04 6.9686e-03 1.0000e+05
9.6490e-01 2.4507e+05 -6.9670e+04 6.9689e-03 1.0000e+05
9.7441e-01 2.5607e+05 -6.2383e+04 6.9685e-03 1.0000e+05
9.8448e-01 2.6591e+05 -6.2487e+04 6.9690e-03 1.0000e+05
9.9547e-01 2.6503e+05 -7.2660e+04 6.9699e-03 1.0000e+05
1.0054e+00 2.6132e+05 -7.0871e+04 6.9703e-03 1.0000e+05
1.0052e+00 2.8067e+05 -6.2470e+04 6.9691e-03 1.0000e+05
9.9554e-01 2.6176e+05 -7.4581e+04 6.9693e-03 1.0000e+05
9.8438e-01 2.6130e+05 -5.8453e+04 6.9691e-03 1.0000e+05
9.7446e-01 2.6521e+05 -7.9873e+04 6.9684e-03 1.0000e+05
9.6463e-01 2.5725e+05 -6.4774e+04 6.9690e-03 1.0000e+05
9.5429e-01 2.4866e+05 -6.0101e+04 6.9684e-03 1.0000e+05
9.4464e-01 2.5150e+05 -7.2982e+04 6.9694e-03 1.0000e+05
9.3455e-01 2.3904e+05 -5.2417e+04 6.9713e-03 1.0000e+05
9.2463e-01 2.4504e+05 -6.0627e+04 6.9687e-03 1.0000e+05
9.1456e-01 2.3179e+05 -5.6344e+04 6.9708e-03 1.0000e+05
9.0479e-01 2.4061e+05 -5.7061e+04 6.9696e-03 1.0000e+05
8.9453e-01 2.3836e+05 -5.3626e+04 6.9701e-03 1.0000e+05
8.8470e-01 2.2699e+05 -5.2865e+04 6.9689e-03 1.0000e+05
8.7463e-01 2.3077e+05 -5.4229e+04 6.9685e-03 1.0000e+05
8.6494e-01 2.2196e+05 -5.1703e+04 6.9686e-03 1.0000e+05
8.5479e-01 2.1616e+05 -5.0322e+04 6.9681e-03 1.0000e+05
8.4491e-01 2.1924e+05 -5.2781e+04 6.9695e-03 1.0000e+05
8.3508e-01 2.1359e+05 -4.9658e+04 6.9689e-03 1.0000e+05
8.2467e-01 2.1210e+05 -4.4348e+04 6.9696e-03 1.0000e+05
8.1492e-01 2.0824e+05 -5.1953e+04 6.9686e-03 1.0000e+05
8.0496e-01 2.0715e+05 -5.1265e+04 6.9680e-03 1.0000e+05
7.9487e-01 1.9981e+05 -5.0642e+04 6.9691e-03 1.0000e+05
7.8492e-01 1.9983e+05 -4.5542e+04 6.9687e-03 1.0000e+05
7.7513e-01 1.9968e+05 -3.7876e+04 6.9689e-03 1.0000e+05
7.6513e-01 1.9026e+05 -4.2271e+04 6.9678e-03 1.0000e+05
7.5514e-01 1.9535e+05 -4.5529e+04 6.9700e-03 1.0000e+05
7.4518e-01 1.8989e+05 -4.6471e+04 6.9672e-03 1.0000e+05
7.3433e-01 1.8229e+05 -3.7649e+04 6.9681e-03 1.0000e+05
7.2404e-01 1.8267e+05 -3.4982e+04 6.9684e-03 1.0000e+05
7.1437e-01 1.7551e+05 -4.0425e+04 6.9694e-03 1.0000e+05
7.0433e-01 1.7681e+05 -3.7680e+04 6.9679e-03 1.0000e+05
6.9426e-01 1.7295e+05 -3.8378e+04 6.9685e-03 1.0000e+05
6.8430e-01 1.7197e+05 -3.4124e+04 6.9677e-03 1.0000e+05
6.7442e-01 1.6536e+05 -2.9796e+04 6.9686e-03 1.0000e+05
6.6428e-01 1.6506e+05 -3.1270e+04 6.9688e-03 1.0000e+05
6.5444e-01 1.6277e+05 -3.5345e+04 6.9674e-03 1.0000e+05
6.4428e-01 1.5966e+05 -3.1223e+04 6.9691e-03 1.0000e+05
6.3434e-01 1.6037e+05 -2.8919e+04 6.9687e-03 1.0000e+05
6.2450e-01 1.5306e+05 -3.1565e+04 6.9700e-03 1.0000e+05
6.1436e-01 1.5029e+05 -2.6442e+04 6.9689e-03 1.0000e+05
6.0483e-01 1.4699e+05 -3.1899e+04 6.9678e-03 1.0000e+05
5.9435e-01 1.4194e+05 -2.7382e+04 6.9684e-03 1.0000e+05
5.8497e-01 1.4346e+05 -2.7849e+04 6.9676e-03 1.0000e+05
5.7484e-01 1.3821e+05 -2.6728e+04 6.9706e-03 1.0000e+05
5.6479e-01 1.3766e+05 -2.4031e+04 6.9688e-03 1.0000e+05
5.5462e-01 1.3696e+05 -2.4845e+04 6.9683e-03 1.0000e+05
5.4501e-01 1.3247e+05 -2.5226e+04 6.9677e-03 1.0000e+05
5.3469e-01 1.3132e+05 -2.6383e+04 6.9674e-03 1.0000e+05
5.2523e-01 1.2825e+05 -2.5502e+04 6.9680e-03 1.0000e+05
5.1495e-01 1.2596e+05 -2.3894e+04 6.9667e-03 1.0000e+05
5.0494e-01 1.2572e+05 -2.2915e+04 6.9682e-03 1.0000e+05
4.9398e-01 1.2085e+05 -2.4316e+04 6.9668e-03 1.0000e+05
4.8404e-01 1.2144e+05 -2.1996e+04 6.9688e-03 1.0000e+05
4.7404e-01 1.1660e+05 -2.3716e+04 6.9670e-03 1.0000e+05
4.6403e-01 1.1594e+05 -2.0104e+04 6.9694e-03 1.0000e+05
4.5441e-01 1.1546e+05 -2.1015e+04 6.9681e-03 1.0000e+05
4.4392e-01 1.1171e+05 -2.0696e+04 6.9667e-03 1.0000e+05
4.2998e-01 1.1101e+05 -1.7699e+04 6.9668e-03 1.0000e+05
4.2095e-01 1.0964e+05 -1.9412e+04 6.9672e-03 1.0000e+05
4.1181e-01 1.0624e+05 -1.7431e+04 6.9675e-03 1.0000e+05
4.0171e-01 1.0452e+05 -1.7216e+04 6.9676e-03 1.0000e+05
3.9214e-01 1.0359e+05 -1.8284e+04 6.9658e-03 1.0000e+05
3.8220e-01 1.0132e+05 -1.6494e+04 6.9660e-03 1.0000e+05
3.7191e-01 9.8134e+04 -1.7547e+04 6.9677e-03 1.0000e+05
3.6226e-01 9.6754e+04 -1.5621e+04 6.9677e-03 1.0000e+05
3.5222e-01 9.6142e+04 -1.5046e+04 6.9660e-03 1.0000e+05
3.4578e-01 9.4893e+04 -1.5319e+04 6.9671e-03 1.0000e+05
3.3454e-01 9.2459e+04 -1.5170e+04 6.9664e-03 1.0000e+05
3.2405e-01 9.0039e+04 -1.5281e+04 6.9673e-03 1.0000e+05
3.1345e-01 8.9287e+04 -1.3999e+04 6.9660e-03 1.0000e+05
3.0386e-01 8.8010e+04 -1.3827e+04 6.9667e-03 1.0000e+05
2.9382e-01 8.5714e+04 -1.3792e+04 6.9656e-03 1.0000e+05
2.8372e-01 8.5030e+04 -1.3563e+04 6.9666e-03 1.0000e+05
2.7362e-01 8.3174e+04 -1.2815e+04 6.9675e-03 1.0000e+05
2.6394e-01 8.0573e+04 -1.1908e+04 6.9678e-03 1.0000e+05
2.5374e-01 7.9901e+04 -1.1432e+04 6.9674e-03 1.0000e+05
2.4300e-01 7.9073e+04 -1.1944e+04 6.9669e-03 1.0000e+05
2.3283e-01 7.6806e+04 -1.2183e+04 6.9663e-03 1.0000e+05
2.2320e-01 7.5523e+04 -1.0503e+04 6.9666e-03 1.0000e+05
2.1282e-01 7.4299e+04 -1.0587e+04 6.9658e-03 1.0000e+05
2.0319e-01 7.2748e+04 -9.6147e+03 6.9665e-03 1.0000e+05
1.9303e-01 7.1549e+04 -1.0503e+04 6.9651e-03 1.0000e+05
1.8314e-01 7.0674e+04 -1.0100e+04 6.9651e-03 1.0000e+05
1.7311e-01 6.8756e+04 -9.5826e+03 6.9655e-03 1.0000e+05
1.6316e-01 6.7134e+04 -9.0250e+03 6.9656e-03 1.0000e+05
1.5320e-01 6.6230e+04 -9.9026e+03 6.9653e-03 1.0000e+05
1.4330e-01 6.5123e+04 -8.4637e+03 6.9658e-03 1.0000e+05
1.3348e-01 6.4351e+04 -8.2719e+03 6.9639e-03 1.0000e+05
1.2330e-01 6.2808e+04 -7.9920e+03 6.9656e-03 1.0000e+05
1.1331e-01 6.1701e+04 -8.1947e+03 6.9638e-03 1.0000e+05
1.0337e-01 6.1149e+04 -8.3916e+03 6.9633e-03 1.0000e+05
9.3288e-02 5.9218e+04 -7.7910e+03 6.9664e-03 1.0000e+05
8.3336e-02 5.8039e+04 -6.9004e+03 6.9653e-03 1.0000e+05
7.3688e-02 5.7390e+04 -6.7772e+03 6.9650e-03 1.0000e+05
6.3600e-02 5.6697e+04 -6.7661e+03 6.9653e-03 1.0000e+05
5.3792e-02 5.5233e+04 -6.6876e+03 6.9644e-03 1.0000e+05
4.3568e-02 5.4197e+04 -6.4117e+03 6.9634e-03 1.0000e+05
3.4016e-02 5.3090e+04 -6.1925e+03 6.9652e-03 1.0000e+05
2.3688e-02 5.2589e+04 -5.9358e+03 6.9650e-03 1.0000e+05
1.4096e-02 5.1495e+04 -5.6204e+03 6.9639e-03 1.0000e+05
4.0880e-03 5.0610e+04 -5.9272e+03 6.9635e-03 1.0000e+05




