  Measurement Number     Measurement type
                   3           CVSweepNew

      Measurement ID             SeriesID
       739662.653595                    0

         MeasureMode                Start                 Stop
                   1                    0                    1

                Step           Sweep mode            Frequency
                0.01                    3          10000000000

            AC level                Abort          After abort
                0.01                    0                    1

           Hold time           Delay time      Stop delay time
                   0                    0                    0

  RealMeasuredPoints
                 202

     Voltage   Resistance    Reactance      ACLevel    Frequency
4.3360e-03 5.0800e+04 -5.7171e+03 6.9640e-03 1.0000e+10
1.4440e-02 5.1829e+04 -5.9590e+03 6.9656e-03 1.0000e+10
2.4072e-02 5.2501e+04 -5.9890e+03 6.9641e-03 1.0000e+10
3.4432e-02 5.3618e+04 -6.2959e+03 6.9645e-03 1.0000e+10
4.4264e-02 5.4584e+04 -6.5440e+03 6.9647e-03 1.0000e+10
5.4280e-02 5.5533e+04 -6.6908e+03 6.9663e-03 1.0000e+10
6.3968e-02 5.6395e+04 -6.5261e+03 6.9649e-03 1.0000e+10
7.4096e-02 5.7961e+04 -7.0285e+03 6.9645e-03 1.0000e+10
8.3848e-02 5.8694e+04 -7.5130e+03 6.9658e-03 1.0000e+10
9.3704e-02 5.9766e+04 -7.3404e+03 6.9636e-03 1.0000e+10
1.0389e-01 6.0929e+04 -7.6622e+03 6.9659e-03 1.0000e+10
1.1363e-01 6.2622e+04 -7.6988e+03 6.9656e-03 1.0000e+10
1.2362e-01 6.2958e+04 -8.3765e+03 6.9652e-03 1.0000e+10
1.3381e-01 6.4704e+04 -8.8944e+03 6.9659e-03 1.0000e+10
1.4373e-01 6.4999e+04 -8.6280e+03 6.9656e-03 1.0000e+10
1.5340e-01 6.6976e+04 -8.4162e+03 6.9672e-03 1.0000e+10
1.6368e-01 6.8010e+04 -9.1237e+03 6.9660e-03 1.0000e+10
1.7350e-01 6.9429e+04 -9.4095e+03 6.9667e-03 1.0000e+10
1.8350e-01 7.0906e+04 -8.7648e+03 6.9648e-03 1.0000e+10
1.9332e-01 7.2427e+04 -9.5021e+03 6.9657e-03 1.0000e+10
2.0372e-01 7.3306e+04 -1.0100e+04 6.9678e-03 1.0000e+10
2.1344e-01 7.5251e+04 -1.0218e+04 6.9674e-03 1.0000e+10
2.2354e-01 7.6786e+04 -1.1519e+04 6.9670e-03 1.0000e+10
2.3336e-01 7.8036e+04 -1.0936e+04 6.9667e-03 1.0000e+10
2.4321e-01 7.9152e+04 -1.1900e+04 6.9670e-03 1.0000e+10
2.5429e-01 8.0422e+04 -1.1939e+04 6.9671e-03 1.0000e+10
2.6423e-01 8.2440e+04 -1.1716e+04 6.9666e-03 1.0000e+10
2.7410e-01 8.3940e+04 -1.3168e+04 6.9656e-03 1.0000e+10
2.8414e-01 8.5664e+04 -1.3577e+04 6.9696e-03 1.0000e+10
2.9422e-01 8.6927e+04 -1.4689e+04 6.9685e-03 1.0000e+10
3.0378e-01 8.8636e+04 -1.3059e+04 6.9672e-03 1.0000e+10
3.1403e-01 9.0422e+04 -1.4428e+04 6.9673e-03 1.0000e+10
3.2414e-01 9.2340e+04 -1.5152e+04 6.9663e-03 1.0000e+10
3.3410e-01 9.3514e+04 -1.4905e+04 6.9685e-03 1.0000e+10
3.4358e-01 9.5291e+04 -1.4230e+04 6.9677e-03 1.0000e+10
3.5405e-01 9.6867e+04 -1.4909e+04 6.9686e-03 1.0000e+10
3.6034e-01 9.9077e+04 -1.7285e+04 6.9677e-03 1.0000e+10
3.7174e-01 1.0115e+05 -1.6430e+04 6.9677e-03 1.0000e+10
3.8214e-01 1.0267e+05 -1.6976e+04 6.9686e-03 1.0000e+10
3.9246e-01 1.0432e+05 -1.7595e+04 6.9676e-03 1.0000e+10
4.0221e-01 1.0518e+05 -1.9961e+04 6.9676e-03 1.0000e+10
4.1241e-01 1.0740e+05 -1.9148e+04 6.9696e-03 1.0000e+10
4.2209e-01 1.0855e+05 -1.8395e+04 6.9672e-03 1.0000e+10
4.3230e-01 1.1387e+05 -1.9401e+04 6.9672e-03 1.0000e+10
4.4187e-01 1.1476e+05 -1.9610e+04 6.9675e-03 1.0000e+10
4.5582e-01 1.1741e+05 -2.1226e+04 6.9700e-03 1.0000e+10
4.6466e-01 1.1915e+05 -2.2507e+04 6.9676e-03 1.0000e+10
4.7462e-01 1.2123e+05 -2.0232e+04 6.9666e-03 1.0000e+10
4.8442e-01 1.2027e+05 -2.1927e+04 6.9673e-03 1.0000e+10
4.9457e-01 1.2595e+05 -2.0266e+04 6.9684e-03 1.0000e+10
5.0536e-01 1.2607e+05 -2.3303e+04 6.9686e-03 1.0000e+10
5.1577e-01 1.3036e+05 -2.3551e+04 6.9676e-03 1.0000e+10
5.2543e-01 1.3082e+05 -2.4550e+04 6.9678e-03 1.0000e+10
5.3542e-01 1.3588e+05 -2.5796e+04 6.9692e-03 1.0000e+10
5.4512e-01 1.3854e+05 -2.6354e+04 6.9673e-03 1.0000e+10
5.5540e-01 1.3865e+05 -2.3390e+04 6.9688e-03 1.0000e+10
5.6519e-01 1.3875e+05 -2.7317e+04 6.9694e-03 1.0000e+10
5.7504e-01 1.4465e+05 -2.7389e+04 6.9687e-03 1.0000e+10
5.8532e-01 1.4756e+05 -2.6755e+04 6.9694e-03 1.0000e+10
5.9510e-01 1.4677e+05 -2.6904e+04 6.9688e-03 1.0000e+10
6.0478e-01 1.4979e+05 -2.9224e+04 6.9686e-03 1.0000e+10
6.1508e-01 1.5288e+05 -2.9784e+04 6.9690e-03 1.0000e+10
6.2490e-01 1.5413e+05 -3.1601e+04 6.9685e-03 1.0000e+10
6.3495e-01 1.5608e+05 -2.9056e+04 6.9691e-03 1.0000e+10
6.4502e-01 1.5993e+05 -3.2428e+04 6.9684e-03 1.0000e+10
6.5482e-01 1.6718e+05 -3.2605e+04 6.9697e-03 1.0000e+10
6.6480e-01 1.6575e+05 -3.2333e+04 6.9693e-03 1.0000e+10
6.7465e-01 1.7130e+05 -3.2434e+04 6.9694e-03 1.0000e+10
6.8502e-01 1.7028e+05 -3.5249e+04 6.9685e-03 1.0000e+10
6.9435e-01 1.7664e+05 -2.7475e+04 6.9715e-03 1.0000e+10
7.0498e-01 1.7493e+05 -3.4953e+04 6.9707e-03 1.0000e+10
7.1445e-01 1.8280e+05 -3.7791e+04 6.9690e-03 1.0000e+10
7.2472e-01 1.8307e+05 -3.9779e+04 6.9704e-03 1.0000e+10
7.3435e-01 1.8678e+05 -3.5807e+04 6.9707e-03 1.0000e+10
7.4562e-01 1.8999e+05 -4.6214e+04 6.9693e-03 1.0000e+10
7.5533e-01 1.9252e+05 -3.7534e+04 6.9692e-03 1.0000e+10
7.6554e-01 1.9679e+05 -4.5722e+04 6.9695e-03 1.0000e+10
7.7545e-01 1.9967e+05 -4.6521e+04 6.9689e-03 1.0000e+10
7.8526e-01 2.0451e+05 -4.5709e+04 6.9686e-03 1.0000e+10
7.9535e-01 2.0057e+05 -4.1234e+04 6.9698e-03 1.0000e+10
8.0534e-01 2.0691e+05 -5.1251e+04 6.9688e-03 1.0000e+10
8.1526e-01 2.1127e+05 -4.9704e+04 6.9703e-03 1.0000e+10
8.2520e-01 2.2040e+05 -5.6688e+04 6.9700e-03 1.0000e+10
8.3542e-01 2.1643e+05 -5.6560e+04 6.9685e-03 1.0000e+10
8.4523e-01 2.2115e+05 -5.0391e+04 6.9689e-03 1.0000e+10
8.5521e-01 2.2287e+05 -6.1932e+04 6.9683e-03 1.0000e+10
8.6517e-01 2.2500e+05 -5.0682e+04 6.9689e-03 1.0000e+10
8.7533e-01 2.2746e+05 -5.9389e+04 6.9700e-03 1.0000e+10
8.8506e-01 2.3142e+05 -5.0237e+04 6.9709e-03 1.0000e+10
8.9537e-01 2.3305e+05 -6.4682e+04 6.9703e-03 1.0000e+10
9.0498e-01 2.4066e+05 -5.4960e+04 6.9709e-03 1.0000e+10
9.1518e-01 2.3971e+05 -6.5214e+04 6.9685e-03 1.0000e+10
9.2493e-01 2.4716e+05 -5.7535e+04 6.9691e-03 1.0000e+10
9.3509e-01 2.4644e+05 -6.6906e+04 6.9701e-03 1.0000e+10
9.4480e-01 2.5785e+05 -6.4220e+04 6.9703e-03 1.0000e+10
9.5490e-01 2.6057e+05 -7.1203e+04 6.9691e-03 1.0000e+10
9.6504e-01 2.5762e+05 -6.0436e+04 6.9702e-03 1.0000e+10
9.7485e-01 2.5770e+05 -7.4871e+04 6.9695e-03 1.0000e+10
9.8487e-01 2.6406e+05 -5.8717e+04 6.9701e-03 1.0000e+10
9.9569e-01 2.5709e+05 -6.7190e+04 6.9703e-03 1.0000e+10
1.0058e+00 2.6605e+05 -7.4473e+04 6.9693e-03 1.0000e+10
1.0057e+00 2.7688e+05 -7.8765e+04 6.9699e-03 1.0000e+10
9.9602e-01 2.6441e+05 -5.9336e+04 6.9696e-03 1.0000e+10
9.8475e-01 2.6431e+05 -7.4521e+04 6.9693e-03 1.0000e+10
9.7498e-01 2.5772e+05 -6.2245e+04 6.9693e-03 1.0000e+10
9.6502e-01 2.6026e+05 -7.1842e+04 6.9701e-03 1.0000e+10
9.5486e-01 2.4689e+05 -5.6882e+04 6.9713e-03 1.0000e+10
9.4485e-01 2.5299e+05 -5.9941e+04 6.9707e-03 1.0000e+10
9.3509e-01 2.4843e+05 -5.6780e+04 6.9698e-03 1.0000e+10
9.2510e-01 2.5247e+05 -5.9883e+04 6.9679e-03 1.0000e+10
9.1478e-01 2.4002e+05 -5.5477e+04 6.9697e-03 1.0000e+10
9.0528e-01 2.4604e+05 -5.9974e+04 6.9696e-03 1.0000e+10
8.9501e-01 2.2845e+05 -5.0855e+04 6.9691e-03 1.0000e+10
8.8527e-01 2.2493e+05 -4.9635e+04 6.9710e-03 1.0000e+10
8.7517e-01 2.2610e+05 -5.0411e+04 6.9705e-03 1.0000e+10
8.6529e-01 2.2664e+05 -4.9533e+04 6.9698e-03 1.0000e+10
8.5515e-01 2.1965e+05 -5.2993e+04 6.9685e-03 1.0000e+10
8.4531e-01 2.1704e+05 -4.3648e+04 6.9683e-03 1.0000e+10
8.3557e-01 2.1490e+05 -5.0287e+04 6.9696e-03 1.0000e+10
8.2519e-01 2.2088e+05 -4.3365e+04 6.9711e-03 1.0000e+10
8.1516e-01 2.1080e+05 -5.1233e+04 6.9697e-03 1.0000e+10
8.0543e-01 2.0124e+05 -4.0679e+04 6.9705e-03 1.0000e+10
7.9541e-01 2.0095e+05 -4.4563e+04 6.9690e-03 1.0000e+10
7.8543e-01 2.0221e+05 -3.8431e+04 6.9692e-03 1.0000e+10
7.7550e-01 1.9191e+05 -4.7554e+04 6.9685e-03 1.0000e+10
7.6539e-01 1.9298e+05 -4.3052e+04 6.9691e-03 1.0000e+10
7.5556e-01 1.8828e+05 -4.3229e+04 6.9703e-03 1.0000e+10
7.4543e-01 1.8574e+05 -3.8708e+04 6.9698e-03 1.0000e+10
7.3484e-01 1.8246e+05 -4.2706e+04 6.9698e-03 1.0000e+10
7.2443e-01 1.7734e+05 -3.7765e+04 6.9696e-03 1.0000e+10
7.1490e-01 1.7696e+05 -3.9186e+04 6.9688e-03 1.0000e+10
7.0475e-01 1.8068e+05 -3.6455e+04 6.9686e-03 1.0000e+10
6.9473e-01 1.7421e+05 -3.5377e+04 6.9698e-03 1.0000e+10
6.8458e-01 1.7279e+05 -4.0130e+04 6.9698e-03 1.0000e+10
6.7482e-01 1.6826e+05 -3.5833e+04 6.9669e-03 1.0000e+10
6.6460e-01 1.6554e+05 -3.8469e+04 6.9690e-03 1.0000e+10
6.5498e-01 1.6121e+05 -3.1629e+04 6.9710e-03 1.0000e+10
6.4498e-01 1.6279e+05 -3.6995e+04 6.9685e-03 1.0000e+10
6.3492e-01 1.5532e+05 -3.3033e+04 6.9695e-03 1.0000e+10
6.2500e-01 1.5681e+05 -3.4151e+04 6.9678e-03 1.0000e+10
6.1482e-01 1.5290e+05 -2.8663e+04 6.9690e-03 1.0000e+10
6.0494e-01 1.4981e+05 -3.0342e+04 6.9680e-03 1.0000e+10
5.9496e-01 1.4938e+05 -2.7951e+04 6.9680e-03 1.0000e+10
5.8542e-01 1.4555e+05 -3.1095e+04 6.9686e-03 1.0000e+10
5.7520e-01 1.4363e+05 -2.7338e+04 6.9685e-03 1.0000e+10
5.6514e-01 1.4118e+05 -2.9071e+04 6.9682e-03 1.0000e+10
5.5511e-01 1.4003e+05 -2.4808e+04 6.9680e-03 1.0000e+10
5.4542e-01 1.3719e+05 -2.7384e+04 6.9681e-03 1.0000e+10
5.3521e-01 1.3229e+05 -2.3150e+04 6.9685e-03 1.0000e+10
5.2557e-01 1.2923e+05 -2.5937e+04 6.9686e-03 1.0000e+10
5.1539e-01 1.2800e+05 -2.3211e+04 6.9687e-03 1.0000e+10
5.0561e-01 1.2817e+05 -2.2998e+04 6.9682e-03 1.0000e+10
4.9448e-01 1.2456e+05 -1.9766e+04 6.9692e-03 1.0000e+10
4.8468e-01 1.2140e+05 -2.3456e+04 6.9665e-03 1.0000e+10
4.7468e-01 1.2202e+05 -1.8949e+04 6.9680e-03 1.0000e+10
4.6458e-01 1.1716e+05 -2.0838e+04 6.9680e-03 1.0000e+10
4.5050e-01 1.1667e+05 -1.9456e+04 6.9674e-03 1.0000e+10
4.4149e-01 1.1621e+05 -1.9958e+04 6.9682e-03 1.0000e+10
4.3186e-01 1.1224e+05 -2.0308e+04 6.9677e-03 1.0000e+10
4.2219e-01 1.0945e+05 -2.0408e+04 6.9673e-03 1.0000e+10
4.1226e-01 1.0824e+05 -1.7995e+04 6.9694e-03 1.0000e+10
4.0238e-01 1.0671e+05 -1.6986e+04 6.9685e-03 1.0000e+10
3.9248e-01 1.0511e+05 -1.7933e+04 6.9684e-03 1.0000e+10
3.8257e-01 1.0264e+05 -1.6707e+04 6.9662e-03 1.0000e+10
3.7241e-01 1.0072e+05 -1.6468e+04 6.9685e-03 1.0000e+10
3.6282e-01 9.8342e+04 -1.7308e+04 6.9672e-03 1.0000e+10
3.5263e-01 9.7519e+04 -1.5584e+04 6.9675e-03 1.0000e+10
3.4289e-01 9.4812e+04 -1.5610e+04 6.9658e-03 1.0000e+10
3.3592e-01 9.4899e+04 -1.4081e+04 6.9679e-03 1.0000e+10
3.2536e-01 9.2521e+04 -1.4699e+04 6.9673e-03 1.0000e+10
3.1422e-01 8.9989e+04 -1.5138e+04 6.9675e-03 1.0000e+10
3.0435e-01 8.8600e+04 -1.4367e+04 6.9673e-03 1.0000e+10
2.9417e-01 8.6671e+04 -1.2267e+04 6.9676e-03 1.0000e+10
2.8411e-01 8.5975e+04 -1.2872e+04 6.9660e-03 1.0000e+10
2.7405e-01 8.4359e+04 -1.2988e+04 6.9663e-03 1.0000e+10
2.6438e-01 8.1686e+04 -1.3114e+04 6.9668e-03 1.0000e+10
2.5430e-01 8.0240e+04 -1.2015e+04 6.9660e-03 1.0000e+10
2.4323e-01 7.9842e+04 -1.0571e+04 6.9663e-03 1.0000e+10
2.3346e-01 7.7755e+04 -1.2846e+04 6.9673e-03 1.0000e+10
2.2330e-01 7.6546e+04 -1.1927e+04 6.9671e-03 1.0000e+10
2.1324e-01 7.4639e+04 -1.0538e+04 6.9670e-03 1.0000e+10
2.0338e-01 7.4035e+04 -1.0354e+04 6.9671e-03 1.0000e+10
1.9363e-01 7.2740e+04 -1.0093e+04 6.9655e-03 1.0000e+10
1.8313e-01 7.0796e+04 -1.0815e+04 6.9665e-03 1.0000e+10
1.7364e-01 6.9297e+04 -9.4744e+03 6.9674e-03 1.0000e+10
1.6345e-01 6.8346e+04 -8.6780e+03 6.9649e-03 1.0000e+10
1.5364e-01 6.7794e+04 -9.1314e+03 6.9646e-03 1.0000e+10
1.4353e-01 6.5705e+04 -9.1400e+03 6.9643e-03 1.0000e+10
1.3390e-01 6.4496e+04 -8.5645e+03 6.9663e-03 1.0000e+10
1.2354e-01 6.3757e+04 -7.8378e+03 6.9651e-03 1.0000e+10
1.1385e-01 6.2073e+04 -7.8998e+03 6.9648e-03 1.0000e+10
1.0372e-01 6.0716e+04 -8.2127e+03 6.9655e-03 1.0000e+10
9.4008e-02 5.9836e+04 -7.9856e+03 6.9642e-03 1.0000e+10
8.3792e-02 5.8827e+04 -7.2833e+03 6.9654e-03 1.0000e+10
7.3984e-02 5.7744e+04 -6.8128e+03 6.9665e-03 1.0000e+10
6.4064e-02 5.6510e+04 -6.7018e+03 6.9658e-03 1.0000e+10
5.4288e-02 5.5501e+04 -6.3841e+03 6.9654e-03 1.0000e+10
4.4152e-02 5.5014e+04 -6.0774e+03 6.9637e-03 1.0000e+10
3.4376e-02 5.3795e+04 -6.6224e+03 6.9643e-03 1.0000e+10
2.4360e-02 5.2508e+04 -6.2353e+03 6.9647e-03 1.0000e+10
1.4328e-02 5.1732e+04 -5.5999e+03 6.9639e-03 1.0000e+10
4.4160e-03 5.0812e+04 -5.7663e+03 6.9649e-03 1.0000e+10




