  Measurement Number     Measurement type
                   5           CVSweepNew

      Measurement ID             SeriesID
       739662.655208                    0

         MeasureMode                Start                 Stop
                   1                    0                    1

                Step           Sweep mode            Frequency
                0.01                    3                 1000

            AC level                Abort          After abort
                0.01                    0                    1

           Hold time           Delay time      Stop delay time
                   0                    0                    0

  RealMeasuredPoints
                 202

     Voltage   Resistance    Reactance      ACLevel    Frequency
4.7280e-03 5.2047e+04 -7.0212e+01 6.9848e-03 1.0000e+03
1.4656e-02 5.2994e+04 -1.1661e+02 6.9837e-03 1.0000e+03
2.4440e-02 5.4084e+04 -5.0766e+01 6.9837e-03 1.0000e+03
3.4648e-02 5.5095e+04 -1.0419e+02 6.9844e-03 1.0000e+03
4.4480e-02 5.6133e+04 -4.9537e+01 6.9835e-03 1.0000e+03
5.4392e-02 5.7231e+04 -1.0438e+02 6.9839e-03 1.0000e+03
6.4224e-02 5.8386e+04 -1.2429e+02 6.9835e-03 1.0000e+03
7.4128e-02 5.9416e+04 -1.9501e+02 6.9846e-03 1.0000e+03
8.4064e-02 6.0624e+04 -9.4037e+01 6.9839e-03 1.0000e+03
9.3976e-02 6.1779e+04 -1.4484e+02 6.9845e-03 1.0000e+03
1.0398e-01 6.3017e+04 -1.1585e+02 6.9849e-03 1.0000e+03
1.1375e-01 6.4250e+04 -1.4067e+02 6.9857e-03 1.0000e+03
1.2377e-01 6.5449e+04 -9.3343e+01 6.9846e-03 1.0000e+03
1.3392e-01 6.6808e+04 -6.2104e+01 6.9842e-03 1.0000e+03
1.4368e-01 6.8066e+04 -6.3894e+01 6.9855e-03 1.0000e+03
1.5372e-01 6.9408e+04 -7.6945e+01 6.9865e-03 1.0000e+03
1.6374e-01 7.0696e+04 -1.8968e+02 6.9847e-03 1.0000e+03
1.7368e-01 7.2154e+04 -2.4325e+02 6.9857e-03 1.0000e+03
1.8347e-01 7.3391e+04 -1.6554e+02 6.9858e-03 1.0000e+03
1.9375e-01 7.4964e+04 -1.0427e+02 6.9860e-03 1.0000e+03
2.0367e-01 7.6364e+04 -9.2235e+01 6.9853e-03 1.0000e+03
2.1362e-01 7.7819e+04 -1.5259e+02 6.9856e-03 1.0000e+03
2.2362e-01 7.9281e+04 -1.8571e+02 6.9854e-03 1.0000e+03
2.3358e-01 8.0842e+04 -1.6418e+02 6.9853e-03 1.0000e+03
2.4330e-01 8.2415e+04 -8.0799e+01 6.9865e-03 1.0000e+03
2.5450e-01 8.4188e+04 -1.5051e+02 6.9860e-03 1.0000e+03
2.6442e-01 8.5943e+04 -1.1326e+02 6.9872e-03 1.0000e+03
2.7428e-01 8.7315e+04 -2.5893e+02 6.9860e-03 1.0000e+03
2.8413e-01 8.9035e+04 -1.3911e+02 6.9863e-03 1.0000e+03
2.9428e-01 9.0808e+04 -1.4916e+02 6.9856e-03 1.0000e+03
3.0411e-01 9.2528e+04 -1.9315e+02 6.9865e-03 1.0000e+03
3.1405e-01 9.4284e+04 -1.9541e+02 6.9873e-03 1.0000e+03
3.2424e-01 9.5979e+04 -1.8211e+02 6.9868e-03 1.0000e+03
3.3416e-01 9.7852e+04 -1.0860e+02 6.9872e-03 1.0000e+03
3.4410e-01 9.9792e+04 -2.6880e+02 6.9865e-03 1.0000e+03
3.5280e-01 1.0148e+05 -1.2421e+02 6.9876e-03 1.0000e+03
3.6271e-01 1.0368e+05 -2.2699e+02 6.9861e-03 1.0000e+03
3.7264e-01 1.0530e+05 9.3247e+01 6.9876e-03 1.0000e+03
3.8267e-01 1.0750e+05 -1.3608e+02 6.9867e-03 1.0000e+03
3.9265e-01 1.0949e+05 -3.6035e+02 6.9873e-03 1.0000e+03
4.0256e-01 1.1157e+05 -6.8791e+01 6.9865e-03 1.0000e+03
4.1254e-01 1.1337e+05 -2.5974e+02 6.9879e-03 1.0000e+03
4.2246e-01 1.1578e+05 6.2747e+01 6.9874e-03 1.0000e+03
4.3238e-01 1.1744e+05 -2.3016e+01 6.9874e-03 1.0000e+03
4.4225e-01 1.2000e+05 -3.5141e+02 6.9864e-03 1.0000e+03
4.5242e-01 1.2179e+05 -2.2998e+02 6.9866e-03 1.0000e+03
4.6375e-01 1.2423e+05 -2.8009e+02 6.9880e-03 1.0000e+03
4.7363e-01 1.2633e+05 -4.4699e+01 6.9874e-03 1.0000e+03
4.8378e-01 1.2879e+05 -3.7163e+02 6.9881e-03 1.0000e+03
4.9370e-01 1.3075e+05 -2.8959e+02 6.9882e-03 1.0000e+03
5.0458e-01 1.3367e+05 -1.9693e+02 6.9880e-03 1.0000e+03
5.1469e-01 1.3609e+05 -1.5149e+02 6.9881e-03 1.0000e+03
5.2454e-01 1.3847e+05 -4.2258e+02 6.9880e-03 1.0000e+03
5.3442e-01 1.4091e+05 4.5196e+02 6.9866e-03 1.0000e+03
5.4457e-01 1.4335e+05 -4.9620e+02 6.9873e-03 1.0000e+03
5.5442e-01 1.4550e+05 2.4254e+02 6.9874e-03 1.0000e+03
5.6431e-01 1.4826e+05 -4.0310e+02 6.9877e-03 1.0000e+03
5.7448e-01 1.5107e+05 2.3960e+02 6.9881e-03 1.0000e+03
5.8440e-01 1.5316e+05 -4.8712e+02 6.9892e-03 1.0000e+03
5.9428e-01 1.5602e+05 -8.0531e+02 6.9884e-03 1.0000e+03
6.0415e-01 1.5862e+05 3.0244e+02 6.9883e-03 1.0000e+03
6.1424e-01 1.6097e+05 -4.3020e+02 6.9872e-03 1.0000e+03
6.2405e-01 1.6373e+05 -1.4262e+02 6.9871e-03 1.0000e+03
6.3404e-01 1.6690e+05 -3.9066e+02 6.9882e-03 1.0000e+03
6.4425e-01 1.6956e+05 -5.9094e+02 6.9878e-03 1.0000e+03
6.5409e-01 1.7227e+05 -6.2099e+02 6.9883e-03 1.0000e+03
6.6396e-01 1.7572e+05 -8.0686e+02 6.9888e-03 1.0000e+03
6.7405e-01 1.7801e+05 -3.9515e+02 6.9878e-03 1.0000e+03
6.8393e-01 1.8041e+05 -3.0907e+02 6.9892e-03 1.0000e+03
6.9378e-01 1.8300e+05 -4.2827e+02 6.9884e-03 1.0000e+03
7.0402e-01 1.8590e+05 -4.8284e+02 6.9877e-03 1.0000e+03
7.1392e-01 1.8954e+05 -7.7391e+02 6.9887e-03 1.0000e+03
7.2380e-01 1.9266e+05 -2.9561e+01 6.9890e-03 1.0000e+03
7.3390e-01 1.9541e+05 -2.0449e+03 6.9884e-03 1.0000e+03
7.4476e-01 1.9881e+05 -7.5445e+02 6.9864e-03 1.0000e+03
7.5464e-01 2.0158e+05 -7.2056e+02 6.9900e-03 1.0000e+03
7.6476e-01 2.0482e+05 -1.3168e+03 6.9880e-03 1.0000e+03
7.7474e-01 2.0754e+05 -3.2245e+02 6.9896e-03 1.0000e+03
7.8463e-01 2.1030e+05 -1.9984e+02 6.9890e-03 1.0000e+03
7.9442e-01 2.1375e+05 2.1293e+02 6.9885e-03 1.0000e+03
8.0466e-01 2.1758e+05 -6.8858e+02 6.9872e-03 1.0000e+03
8.1438e-01 2.1976e+05 1.0946e+03 6.9873e-03 1.0000e+03
8.2439e-01 2.2388e+05 -1.3156e+03 6.9885e-03 1.0000e+03
8.3463e-01 2.2743e+05 -1.1520e+03 6.9892e-03 1.0000e+03
8.4450e-01 2.3001e+05 -1.6927e+03 6.9887e-03 1.0000e+03
8.5443e-01 2.3388e+05 -5.0581e+02 6.9894e-03 1.0000e+03
8.6450e-01 2.3697e+05 -2.8401e+02 6.9888e-03 1.0000e+03
8.7442e-01 2.3876e+05 -5.9806e+02 6.9888e-03 1.0000e+03
8.8421e-01 2.4225e+05 4.0627e+02 6.9889e-03 1.0000e+03
8.9446e-01 2.4535e+05 1.6731e+02 6.9891e-03 1.0000e+03
9.0439e-01 2.4946e+05 -3.5959e+02 6.9880e-03 1.0000e+03
9.1427e-01 2.5285e+05 -1.6896e+03 6.9887e-03 1.0000e+03
9.2427e-01 2.5594e+05 8.0987e+02 6.9898e-03 1.0000e+03
9.3420e-01 2.6008e+05 -1.2119e+03 6.9883e-03 1.0000e+03
9.4409e-01 2.6360e+05 5.3424e+02 6.9894e-03 1.0000e+03
9.5399e-01 2.6715e+05 -1.6794e+03 6.9892e-03 1.0000e+03
9.6426e-01 2.6876e+05 9.2302e+02 6.9888e-03 1.0000e+03
9.7410e-01 2.7153e+05 -5.4010e+02 6.9897e-03 1.0000e+03
9.8402e-01 2.7697e+05 -3.6492e+02 6.9896e-03 1.0000e+03
9.9513e-01 2.8199e+05 -1.4549e+03 6.9879e-03 1.0000e+03
1.0049e+00 2.8408e+05 1.7457e+02 6.9887e-03 1.0000e+03
1.0050e+00 2.8302e+05 1.7046e+03 6.9890e-03 1.0000e+03
9.9502e-01 2.7860e+05 -6.8904e+02 6.9896e-03 1.0000e+03
9.8397e-01 2.7472e+05 -2.4404e+02 6.9894e-03 1.0000e+03
9.7406e-01 2.7074e+05 -8.4852e+02 6.9890e-03 1.0000e+03
9.6425e-01 2.6681e+05 -9.4503e+02 6.9883e-03 1.0000e+03
9.5394e-01 2.6465e+05 -8.4453e+02 6.9897e-03 1.0000e+03
9.4404e-01 2.6024e+05 -2.9045e+02 6.9895e-03 1.0000e+03
9.3425e-01 2.5710e+05 -4.1241e+02 6.9896e-03 1.0000e+03
9.2436e-01 2.5500e+05 1.7198e+03 6.9893e-03 1.0000e+03
9.1432e-01 2.5033e+05 -4.9356e+02 6.9894e-03 1.0000e+03
9.0431e-01 2.4493e+05 -3.0944e+03 6.9887e-03 1.0000e+03
8.9438e-01 2.4289e+05 -2.6442e+03 6.9894e-03 1.0000e+03
8.8434e-01 2.3973e+05 5.7424e+01 6.9882e-03 1.0000e+03
8.7434e-01 2.3567e+05 -2.8391e+02 6.9890e-03 1.0000e+03
8.6448e-01 2.3359e+05 -2.5621e+02 6.9893e-03 1.0000e+03
8.5447e-01 2.2938e+05 -2.3230e+02 6.9872e-03 1.0000e+03
8.4461e-01 2.2679e+05 -6.9925e+02 6.9889e-03 1.0000e+03
8.3467e-01 2.2354e+05 -1.8708e+02 6.9884e-03 1.0000e+03
8.2434e-01 2.2055e+05 1.0061e+02 6.9888e-03 1.0000e+03
8.1451e-01 2.1726e+05 -4.2329e+02 6.9893e-03 1.0000e+03
8.0454e-01 2.1556e+05 -9.8948e+02 6.9890e-03 1.0000e+03
7.9454e-01 2.1121e+05 -1.5829e+02 6.9896e-03 1.0000e+03
7.8457e-01 2.0659e+05 -4.6409e+02 6.9896e-03 1.0000e+03
7.7475e-01 2.0406e+05 -2.6868e+02 6.9887e-03 1.0000e+03
7.6476e-01 2.0235e+05 -1.0497e+03 6.9892e-03 1.0000e+03
7.5466e-01 1.9945e+05 1.6638e+02 6.9883e-03 1.0000e+03
7.4482e-01 1.9580e+05 -2.1943e+02 6.9876e-03 1.0000e+03
7.3392e-01 1.9309e+05 5.8246e+01 6.9879e-03 1.0000e+03
7.2393e-01 1.8940e+05 -2.3026e+02 6.9884e-03 1.0000e+03
7.1394e-01 1.8692e+05 2.6188e+02 6.9879e-03 1.0000e+03
7.0406e-01 1.8417e+05 -1.2602e+03 6.9888e-03 1.0000e+03
6.9386e-01 1.8146e+05 -4.1409e+02 6.9868e-03 1.0000e+03
6.8397e-01 1.7858e+05 -3.3810e+02 6.9895e-03 1.0000e+03
6.7402e-01 1.7623e+05 -9.3904e+02 6.9887e-03 1.0000e+03
6.6399e-01 1.7227e+05 -4.8347e+02 6.9880e-03 1.0000e+03
6.5410e-01 1.6971e+05 -2.4338e+02 6.9873e-03 1.0000e+03
6.4419e-01 1.6685e+05 -2.7292e+02 6.9880e-03 1.0000e+03
6.3406e-01 1.6492e+05 9.5056e+01 6.9880e-03 1.0000e+03
6.2404e-01 1.6245e+05 3.7757e+02 6.9869e-03 1.0000e+03
6.1422e-01 1.5977e+05 -2.5517e+01 6.9883e-03 1.0000e+03
6.0429e-01 1.5750e+05 -1.3179e+02 6.9882e-03 1.0000e+03
5.9422e-01 1.5464e+05 -3.1397e+02 6.9888e-03 1.0000e+03
5.8439e-01 1.5136e+05 -6.7719e+02 6.9868e-03 1.0000e+03
5.7449e-01 1.4950e+05 -4.2188e+02 6.9870e-03 1.0000e+03
5.6439e-01 1.4649e+05 -3.8235e+02 6.9872e-03 1.0000e+03
5.5445e-01 1.4413e+05 -1.6647e+02 6.9876e-03 1.0000e+03
5.4453e-01 1.4198e+05 -4.1842e+02 6.9877e-03 1.0000e+03
5.3446e-01 1.3991e+05 5.4346e+01 6.9873e-03 1.0000e+03
5.2460e-01 1.3700e+05 2.3307e+02 6.9868e-03 1.0000e+03
5.1466e-01 1.3519e+05 -3.2884e+02 6.9879e-03 1.0000e+03
5.0458e-01 1.3260e+05 -2.4209e+02 6.9878e-03 1.0000e+03
4.9358e-01 1.2998e+05 -2.1894e+02 6.9869e-03 1.0000e+03
4.8370e-01 1.2838e+05 -1.5008e+02 6.9886e-03 1.0000e+03
4.7378e-01 1.2563e+05 -2.8817e+02 6.9869e-03 1.0000e+03
4.6228e-01 1.2360e+05 -4.1139e+02 6.9879e-03 1.0000e+03
4.5251e-01 1.2154e+05 -1.0026e+02 6.9863e-03 1.0000e+03
4.4235e-01 1.1912e+05 -2.9448e+02 6.9875e-03 1.0000e+03
4.3233e-01 1.1727e+05 -1.1789e+02 6.9876e-03 1.0000e+03
4.2252e-01 1.1527e+05 -1.4314e+02 6.9873e-03 1.0000e+03
4.1253e-01 1.1316e+05 -6.8560e+01 6.9872e-03 1.0000e+03
4.0262e-01 1.1120e+05 1.7911e+00 6.9869e-03 1.0000e+03
3.9268e-01 1.0934e+05 -7.8397e+01 6.9872e-03 1.0000e+03
3.8282e-01 1.0703e+05 -2.1987e+02 6.9877e-03 1.0000e+03
3.7266e-01 1.0506e+05 -1.4319e+02 6.9873e-03 1.0000e+03
3.6276e-01 1.0322e+05 -7.7785e+01 6.9870e-03 1.0000e+03
3.5298e-01 1.0137e+05 -2.9342e+02 6.9869e-03 1.0000e+03
3.4291e-01 9.9497e+04 3.2440e+01 6.9862e-03 1.0000e+03
3.3289e-01 9.7840e+04 4.0744e+01 6.9875e-03 1.0000e+03
3.2307e-01 9.5644e+04 -3.0497e+02 6.9863e-03 1.0000e+03
3.1414e-01 9.4244e+04 -1.5598e+02 6.9863e-03 1.0000e+03
3.0416e-01 9.2634e+04 -1.3172e+02 6.9860e-03 1.0000e+03
2.9429e-01 9.0785e+04 -3.8860e+01 6.9857e-03 1.0000e+03
2.8426e-01 8.9306e+04 -5.4088e+02 6.9849e-03 1.0000e+03
2.7434e-01 8.7538e+04 1.7185e+02 6.9863e-03 1.0000e+03
2.6441e-01 8.6010e+04 1.2420e+02 6.9865e-03 1.0000e+03
2.5450e-01 8.4161e+04 -1.0889e+02 6.9847e-03 1.0000e+03
2.4346e-01 8.2525e+04 -2.7229e+02 6.9852e-03 1.0000e+03
2.3354e-01 8.0980e+04 -2.8581e+02 6.9862e-03 1.0000e+03
2.2362e-01 7.9445e+04 -1.4139e+02 6.9861e-03 1.0000e+03
2.1355e-01 7.7915e+04 -1.9717e+02 6.9862e-03 1.0000e+03
2.0372e-01 7.6534e+04 -1.5630e+02 6.9857e-03 1.0000e+03
1.9377e-01 7.5077e+04 -1.9493e+02 6.9852e-03 1.0000e+03
1.8360e-01 7.3587e+04 -1.3052e+02 6.9858e-03 1.0000e+03
1.7370e-01 7.2090e+04 -3.2891e+02 6.9856e-03 1.0000e+03
1.6389e-01 7.0888e+04 -3.6220e+01 6.9858e-03 1.0000e+03
1.5378e-01 6.9643e+04 -2.9615e+02 6.9860e-03 1.0000e+03
1.4377e-01 6.8059e+04 -2.3575e+02 6.9845e-03 1.0000e+03
1.3396e-01 6.6986e+04 -3.8124e+02 6.9847e-03 1.0000e+03
1.2382e-01 6.5501e+04 -3.3165e+02 6.9840e-03 1.0000e+03
1.1389e-01 6.4478e+04 -5.4336e+01 6.9840e-03 1.0000e+03
1.0402e-01 6.3164e+04 -1.8018e+02 6.9858e-03 1.0000e+03
9.4016e-02 6.2104e+04 -3.4933e+01 6.9832e-03 1.0000e+03
8.4056e-02 6.0990e+04 -1.7690e+02 6.9838e-03 1.0000e+03
7.4168e-02 5.9652e+04 -1.7723e+02 6.9837e-03 1.0000e+03
6.4240e-02 5.8626e+04 -9.2729e+01 6.9837e-03 1.0000e+03
5.4400e-02 5.7399e+04 -2.1094e+00 6.9831e-03 1.0000e+03
4.4520e-02 5.6314e+04 -2.0412e+02 6.9837e-03 1.0000e+03
3.4544e-02 5.5272e+04 -1.0358e+02 6.9836e-03 1.0000e+03
2.4528e-02 5.4398e+04 -3.4923e+01 6.9832e-03 1.0000e+03
1.4608e-02 5.3253e+04 -1.6281e+02 6.9831e-03 1.0000e+03
4.7360e-03 5.2304e+04 -1.2477e+02 6.9828e-03 1.0000e+03




